timestamp,frame_id,hand_id,hand_type,confidence,palm_x,palm_y,palm_z,palm_normal_x,palm_normal_y,palm_normal_z,palm_velocity_x,palm_velocity_y,palm_velocity_z,grab_strength,pinch_strength,pinch_distance,thumb_extended,index_extended,middle_extended,ring_extended,pinky_extended,thumb_tip_x,thumb_tip_y,thumb_tip_z,index_tip_x,index_tip_y,index_tip_z,gesture_type,sequence_id,recording_timestamp,video_file_path,performance_actual_fps,performance_total_frames,performance_target_fps,performance_quality,performance_mode,video_recording_time
2025-11-18 12:12:18.879994,1,302,HandType.Right,0.6684775352478027,62.3068733215332,155.89756774902344,148.9609832763672,-0.09828364104032516,-0.9757863879203796,-0.19540037214756012,-7.20197057723999,-7.873088836669922,-2.379789113998413,0.0,0.2013014554977417,42.80790710449219,0,1,1,1,1,11.199810028076172,124.9488754272461,151.73739624023438,-8.829526901245117,140.71702575683594,110.22895050048828,push,21,2025-11-18T12:12:18.879994,my_hand_data\videos\push_seq21_20251118_121218_848085.avi,89.55412122468752,360,90,HIGH,VIDEO_RECORDING,2025-11-18T12:12:22.935051
2025-11-18 12:12:18.879994,2,302,HandType.Right,0.6684775352478027,62.3068733215332,155.89756774902344,148.9609832763672,-0.09828364104032516,-0.9757863879203796,-0.19540037214756012,-7.20197057723999,-7.873088836669922,-2.379789113998413,0.0,0.2013014554977417,42.80790710449219,0,1,1,1,1,11.199810028076172,124.9488754272461,151.73739624023438,-8.829526901245117,140.71702575683594,110.22895050048828,push,21,2025-11-18T12:12:18.879994,my_hand_data\videos\push_seq21_20251118_121218_848085.avi,89.55412122468752,360,90,HIGH,VIDEO_RECORDING,2025-11-18T12:12:22.935051
2025-11-18 12:12:18.879994,3,302,HandType.Right,0.6681255102157593,62.216636657714844,155.8108673095703,148.91119384765625,-0.09826444089412689,-0.9757958650588989,-0.1953626424074173,-7.92431116104126,-7.613579750061035,-4.371761322021484,0.0,0.20159099996089935,42.81259536743164,0,1,1,1,1,11.12637996673584,124.83318328857422,151.67681884765625,-8.927136421203613,140.63734436035156,110.20359802246094,push,21,2025-11-18T12:12:18.879994,my_hand_data\videos\push_seq21_20251118_121218_848085.avi,89.55412122468752,360,90,HIGH,VIDEO_RECORDING,2025-11-18T12:12:22.935051
2025-11-18 12:12:18.911678,4,302,HandType.Right,0.6680859327316284,62.1415901184082,155.73300170898438,148.86769104003906,-0.09814274311065674,-0.9758460521697998,-0.195172980427742,-6.78806209564209,-7.042433261871338,-3.935126304626465,0.0,0.2014901041984558,42.82514572143555,0,1,1,1,1,11.06688404083252,124.72467041015625,151.625244140625,-9.035080909729004,140.58311462402344,110.18968963623047,push,21,2025-11-18T12:12:18.911678,my_hand_data\videos\push_seq21_20251118_121218_848085.avi,89.55412122468752,360,90,HIGH,VIDEO_RECORDING,2025-11-18T12:12:22.935051
2025-11-18 12:12:18.917209,5,302,HandType.Right,0.6684903502464294,62.07708740234375,155.6434783935547,148.81246948242188,-0.0980948656797409,-0.9759114980697632,-0.19486966729164124,-6.011455059051514,-8.344179153442383,-5.145480155944824,0.0,0.20147134363651276,42.84938049316406,0,1,1,1,1,11.025935173034668,124.58268737792969,151.55870056152344,-9.133770942687988,140.53411865234375,110.18321228027344,push,21,2025-11-18T12:12:18.917209,my_hand_data\videos\push_seq21_20251118_121218_848085.avi,89.55412122468752,360,90,HIGH,VIDEO_RECORDING,2025-11-18T12:12:22.935051
2025-11-18 12:12:18.927764,6,302,HandType.Right,0.6686913967132568,61.996192932128906,155.54873657226562,148.73809814453125,-0.09796415269374847,-0.9759732484817505,-0.1946258842945099,-7.115322113037109,-8.332622528076172,-6.542462348937988,0.0,0.20208269357681274,42.86373519897461,0,1,1,1,1,10.972294807434082,124.42453002929688,151.45896911621094,-9.226366996765137,140.46112060546875,110.15757751464844,push,21,2025-11-18T12:12:18.927764,my_hand_data\videos\push_seq21_20251118_121218_848085.avi,89.55412122468752,360,90,HIGH,VIDEO_RECORDING,2025-11-18T12:12:22.935051
2025-11-18 12:12:18.943877,7,302,HandType.Right,0.6687957644462585,61.902748107910156,155.4512481689453,148.6451873779297,-0.09779686480760574,-0.9759796261787415,-0.1946781426668167,-8.335886001586914,-8.696340560913086,-8.287858009338379,0.0,0.20304150879383087,42.86642837524414,0,1,1,1,1,10.887693405151367,124.26419067382812,151.34312438964844,-9.333394050598145,140.37840270996094,110.11919403076172,push,21,2025-11-18T12:12:18.943877,my_hand_data\videos\push_seq21_20251118_121218_848085.avi,89.55412122468752,360,90,HIGH,VIDEO_RECORDING,2025-11-18T12:12:22.935051
2025-11-18 12:12:18.943877,8,302,HandType.Right,0.6689948439598083,61.79817199707031,155.37620544433594,148.56858825683594,-0.09802407026290894,-0.9759959578514099,-0.1944817155599594,-9.471307754516602,-6.797794818878174,-6.938239574432373,0.0,0.20401033759117126,42.87623977661133,0,1,1,1,1,10.796576499938965,124.08985137939453,151.21485900878906,-9.452104568481445,140.3045654296875,110.08158111572266,push,21,2025-11-18T12:12:18.943877,my_hand_data\videos\push_seq21_20251118_121218_848085.avi,89.55412122468752,360,90,HIGH,VIDEO_RECORDING,2025-11-18T12:12:22.935051
2025-11-18 12:12:18.959635,9,302,HandType.Right,0.6690363883972168,61.69992446899414,155.2962188720703,148.49591064453125,-0.09797488898038864,-0.9760308861732483,-0.1943311244249344,-8.803778648376465,-7.166586399078369,-6.511691570281982,0.0,0.20490773022174835,42.88950729370117,0,1,1,1,1,10.724808692932129,123.89802551269531,151.0885772705078,-9.552449226379395,140.22178649902344,110.04724884033203,push,21,2025-11-18T12:12:18.959635,my_hand_data\videos\push_seq21_20251118_121218_848085.avi,89.55412122468752,360,90,HIGH,VIDEO_RECORDING,2025-11-18T12:12:22.935051
2025-11-18 12:12:18.975409,10,302,HandType.Right,0.6688038110733032,61.60993957519531,155.25389099121094,148.4506378173828,-0.09796056896448135,-0.9760986566543579,-0.19399790465831757,-7.956159591674805,-3.741985321044922,-4.00254487991333,0.0,0.20497968792915344,42.928035736083984,0,1,1,1,1,10.685588836669922,123.74108123779297,151.0012969970703,-9.651392936706543,140.1866455078125,110.03791809082031,push,21,2025-11-18T12:12:18.975409,my_hand_data\videos\push_seq21_20251118_121218_848085.avi,89.55412122468752,360,90,HIGH,VIDEO_RECORDING,2025-11-18T12:12:22.935051
2025-11-18 12:12:18.975409,11,302,HandType.Right,0.6683489680290222,61.490478515625,155.20980834960938,148.3592987060547,-0.09809310734272003,-0.9760982394218445,-0.19393284618854523,-11.14785385131836,-4.114730358123779,-8.523959159851074,0.0,0.20490910112857819,42.97059631347656,0,1,1,1,1,10.640453338623047,123.58704376220703,150.87110900878906,-9.797371864318848,140.15438842773438,110.00093841552734,push,21,2025-11-18T12:12:18.975409,my_hand_data\videos\push_seq21_20251118_121218_848085.avi,89.55412122468752,360,90,HIGH,VIDEO_RECORDING,2025-11-18T12:12:22.935051
2025-11-18 12:12:18.991641,12,302,HandType.Right,0.6682374477386475,61.386268615722656,155.16574096679688,148.28536987304688,-0.09830787032842636,-0.9761037826538086,-0.19379612803459167,-9.228605270385742,-3.902522325515747,-6.546935081481934,0.0,0.20587441325187683,42.987457275390625,0,1,1,1,1,10.578200340270996,123.4470443725586,150.77049255371094,-9.915717124938965,140.1045684814453,110.00199890136719,push,21,2025-11-18T12:12:18.991641,my_hand_data\videos\push_seq21_20251118_121218_848085.avi,89.55412122468752,360,90,HIGH,VIDEO_RECORDING,2025-11-18T12:12:22.935051
2025-11-18 12:12:19.007725,13,302,HandType.Right,0.668029248714447,61.286956787109375,155.0625762939453,148.21640014648438,-0.0981091856956482,-0.9761541485786438,-0.19364307820796967,-8.880659103393555,-9.224525451660156,-6.168050289154053,0.0,0.20748820900917053,42.995208740234375,0,1,1,1,1,10.529767990112305,123.19222259521484,150.621337890625,-9.99465560913086,139.96839904785156,109.98074340820312,push,21,2025-11-18T12:12:19.007725,my_hand_data\videos\push_seq21_20251118_121218_848085.avi,89.55412122468752,360,90,HIGH,VIDEO_RECORDING,2025-11-18T12:12:22.935051
2025-11-18 12:12:19.007725,14,302,HandType.Right,0.668029248714447,61.286956787109375,155.0625762939453,148.21640014648438,-0.0981091856956482,-0.9761541485786438,-0.19364307820796967,-8.880659103393555,-9.224525451660156,-6.168050289154053,0.0,0.20748820900917053,42.995208740234375,0,1,1,1,1,10.529767990112305,123.19222259521484,150.621337890625,-9.99465560913086,139.96839904785156,109.98074340820312,push,21,2025-11-18T12:12:19.007725,my_hand_data\videos\push_seq21_20251118_121218_848085.avi,89.55412122468752,360,90,HIGH,VIDEO_RECORDING,2025-11-18T12:12:22.935051
2025-11-18 12:12:19.023630,15,302,HandType.Right,0.6680737137794495,61.17767333984375,154.9330291748047,148.12939453125,-0.09821819514036179,-0.9761857986450195,-0.19342832267284393,-9.818979263305664,-11.640324592590332,-7.816263198852539,0.0,0.2087252289056778,43.00543975830078,0,1,1,1,1,10.458342552185059,122.94744110107422,150.4893798828125,-10.080918312072754,139.805419921875,109.93975067138672,push,21,2025-11-18T12:12:19.023630,my_hand_data\videos\push_seq21_20251118_121218_848085.avi,89.55412122468752,360,90,HIGH,VIDEO_RECORDING,2025-11-18T12:12:22.935051
2025-11-18 12:12:19.039720,16,302,HandType.Right,0.6684163808822632,60.95964050292969,154.65579223632812,147.9703369140625,-0.09823983162641525,-0.9762832522392273,-0.1929246038198471,-9.981707572937012,-11.970311164855957,-5.390810489654541,0.0,0.21314576268196106,42.94929504394531,0,1,1,1,1,10.337993621826172,122.50457763671875,150.20066833496094,-10.2786865234375,139.4945068359375,109.92747497558594,push,21,2025-11-18T12:12:19.039720,my_hand_data\videos\push_seq21_20251118_121218_848085.avi,89.55412122468752,360,90,HIGH,VIDEO_RECORDING,2025-11-18T12:12:22.935051
2025-11-18 12:12:19.044624,17,302,HandType.Right,0.6684058904647827,60.84078598022461,154.52206420898438,147.88491821289062,-0.09833399951457977,-0.9763349294662476,-0.19261501729488373,-10.578980445861816,-11.902349472045898,-7.602902412414551,0.0,0.21493858098983765,42.915428161621094,0,1,1,1,1,10.24264144897461,122.32780456542969,150.07110595703125,-10.399788856506348,139.34231567382812,109.89594268798828,push,21,2025-11-18T12:12:19.044624,my_hand_data\videos\push_seq21_20251118_121218_848085.avi,89.55412122468752,360,90,HIGH,VIDEO_RECORDING,2025-11-18T12:12:22.935051
2025-11-18 12:12:19.071353,18,302,HandType.Right,0.6673403978347778,60.56167221069336,154.20748901367188,147.55873107910156,-0.09817531704902649,-0.9764743447303772,-0.1919880360364914,-13.234848976135254,-13.69527530670166,-15.714144706726074,0.0,0.2158995270729065,42.921512603759766,0,1,1,1,1,10.028098106384277,121.88932037353516,149.69070434570312,-10.68390941619873,139.00936889648438,109.6355209350586,push,21,2025-11-18T12:12:19.071353,my_hand_data\videos\push_seq21_20251118_121218_848085.avi,89.55412122468752,360,90,HIGH,VIDEO_RECORDING,2025-11-18T12:12:22.935051
2025-11-18 12:12:19.079024,19,302,HandType.Right,0.6673216819763184,60.35710525512695,154.05319213867188,147.32505798339844,-0.09824902564287186,-0.9766196608543396,-0.19120965898036957,-18.51282501220703,-13.963644027709961,-21.146512985229492,0.0,0.21544025838375092,42.94116973876953,0,1,1,1,1,9.855225563049316,121.68858337402344,149.4539337158203,-10.901920318603516,138.85191345214844,109.42100524902344,push,21,2025-11-18T12:12:19.079024,my_hand_data\videos\push_seq21_20251118_121218_848085.avi,89.55412122468752,360,90,HIGH,VIDEO_RECORDING,2025-11-18T12:12:22.935051
2025-11-18 12:12:19.083166,20,302,HandType.Right,0.6673216819763184,60.35710525512695,154.05319213867188,147.32505798339844,-0.09824902564287186,-0.9766196608543396,-0.19120965898036957,-18.51282501220703,-13.963644027709961,-21.146512985229492,0.0,0.21544025838375092,42.94116973876953,0,1,1,1,1,9.855225563049316,121.68858337402344,149.4539337158203,-10.901920318603516,138.85191345214844,109.42100524902344,push,21,2025-11-18T12:12:19.083166,my_hand_data\videos\push_seq21_20251118_121218_848085.avi,89.55412122468752,360,90,HIGH,VIDEO_RECORDING,2025-11-18T12:12:22.935051
2025-11-18 12:12:19.089507,21,302,HandType.Right,0.6673216819763184,60.35710525512695,154.05319213867188,147.32505798339844,-0.09824902564287186,-0.9766196608543396,-0.19120965898036957,-18.51282501220703,-13.963644027709961,-21.146512985229492,0.0,0.21544025838375092,42.94116973876953,0,1,1,1,1,9.855225563049316,121.68858337402344,149.4539337158203,-10.901920318603516,138.85191345214844,109.42100524902344,push,21,2025-11-18T12:12:19.089507,my_hand_data\videos\push_seq21_20251118_121218_848085.avi,89.55412122468752,360,90,HIGH,VIDEO_RECORDING,2025-11-18T12:12:22.935051
2025-11-18 12:12:19.103338,22,302,HandType.Right,0.6676378846168518,59.92143249511719,153.76080322265625,146.8080596923828,-0.09813231974840164,-0.9771208763122559,-0.18869233131408691,-19.233470916748047,-12.931336402893066,-23.24540901184082,0.0,0.2134777158498764,43.02832794189453,0,1,1,1,1,9.523186683654785,121.19775390625,148.84597778320312,-11.408344268798828,138.59645080566406,108.92090606689453,push,21,2025-11-18T12:12:19.103338,my_hand_data\videos\push_seq21_20251118_121218_848085.avi,89.55412122468752,360,90,HIGH,VIDEO_RECORDING,2025-11-18T12:12:22.935051
2025-11-18 12:12:19.119356,23,302,HandType.Right,0.667384684085846,59.65261459350586,153.64126586914062,146.537353515625,-0.09759292751550674,-0.977375864982605,-0.18764865398406982,-24.677825927734375,-10.97374153137207,-24.851825714111328,0.0,0.21448610723018646,43.02141189575195,0,1,1,1,1,9.298197746276855,120.99695587158203,148.51206970214844,-11.692099571228027,138.520263671875,108.7137680053711,push,21,2025-11-18T12:12:19.119356,my_hand_data\videos\push_seq21_20251118_121218_848085.avi,89.55412122468752,360,90,HIGH,VIDEO_RECORDING,2025-11-18T12:12:22.935051
2025-11-18 12:12:19.122752,24,302,HandType.Right,0.667384684085846,59.65261459350586,153.64126586914062,146.537353515625,-0.09759292751550674,-0.977375864982605,-0.18764865398406982,-24.677825927734375,-10.97374153137207,-24.851825714111328,0.0,0.21448610723018646,43.02141189575195,0,1,1,1,1,9.298197746276855,120.99695587158203,148.51206970214844,-11.692099571228027,138.520263671875,108.7137680053711,push,21,2025-11-18T12:12:19.122752,my_hand_data\videos\push_seq21_20251118_121218_848085.avi,89.55412122468752,360,90,HIGH,VIDEO_RECORDING,2025-11-18T12:12:22.935051
2025-11-18 12:12:19.135419,25,302,HandType.Right,0.6681382656097412,58.98794174194336,153.47862243652344,145.91262817382812,-0.0970148891210556,-0.9780219197273254,-0.18455670773983002,-34.631561279296875,-7.263898849487305,-33.49285888671875,0.0,0.21433700621128082,43.08952331542969,0,1,1,1,1,8.81651782989502,120.6067886352539,147.79881286621094,-12.390486717224121,138.37496948242188,108.21551513671875,push,21,2025-11-18T12:12:19.135419,my_hand_data\videos\push_seq21_20251118_121218_848085.avi,89.55412122468752,360,90,HIGH,VIDEO_RECORDING,2025-11-18T12:12:22.935051
2025-11-18 12:12:19.151603,26,302,HandType.Right,0.6693296432495117,58.61827087402344,153.41323852539062,145.59378051757812,-0.09658695012331009,-0.9783828258514404,-0.1828606128692627,-33.33673858642578,-5.896169185638428,-28.754077911376953,0.0,0.21407005190849304,43.10883712768555,0,1,1,1,1,8.489008903503418,120.47830200195312,147.45846557617188,-12.798600196838379,138.32342529296875,107.93988037109375,push,21,2025-11-18T12:12:19.151603,my_hand_data\videos\push_seq21_20251118_121218_848085.avi,89.55412122468752,360,90,HIGH,VIDEO_RECORDING,2025-11-18T12:12:22.935051
2025-11-18 12:12:19.155621,27,302,HandType.Right,0.6697266101837158,58.20044708251953,153.3760528564453,145.2372283935547,-0.09637271612882614,-0.9786593914031982,-0.18148855865001678,-38.05317687988281,-3.386430263519287,-32.47227096557617,0.0,0.21461421251296997,43.13131332397461,0,1,1,1,1,8.109640121459961,120.34757995605469,147.09402465820312,-13.255931854248047,138.29730224609375,107.68399810791016,push,21,2025-11-18T12:12:19.155621,my_hand_data\videos\push_seq21_20251118_121218_848085.avi,89.55412122468752,360,90,HIGH,VIDEO_RECORDING,2025-11-18T12:12:22.935051
2025-11-18 12:12:19.183206,28,302,HandType.Right,0.6704415678977966,57.303504943847656,153.36215209960938,144.58851623535156,-0.09480049461126328,-0.979142963886261,-0.1796993762254715,-42.53718185424805,0.7528645992279053,-28.723674774169922,0.0,0.21498137712478638,43.18006134033203,0,1,1,1,1,7.262259483337402,120.06695556640625,146.43252563476562,-14.251380920410156,138.20745849609375,107.19277954101562,push,21,2025-11-18T12:12:19.183206,my_hand_data\videos\push_seq21_20251118_121218_848085.avi,89.55412122468752,360,90,HIGH,VIDEO_RECORDING,2025-11-18T12:12:22.935051
2025-11-18 12:12:19.189228,29,302,HandType.Right,0.6704415678977966,57.303504943847656,153.36215209960938,144.58851623535156,-0.09480049461126328,-0.979142963886261,-0.1796993762254715,-42.53718185424805,0.7528645992279053,-28.723674774169922,0.0,0.21498137712478638,43.18006134033203,0,1,1,1,1,7.262259483337402,120.06695556640625,146.43252563476562,-14.251380920410156,138.20745849609375,107.19277954101562,push,21,2025-11-18T12:12:19.189228,my_hand_data\videos\push_seq21_20251118_121218_848085.avi,89.55412122468752,360,90,HIGH,VIDEO_RECORDING,2025-11-18T12:12:22.935051
2025-11-18 12:12:19.189228,30,302,HandType.Right,0.6713840365409851,56.80732345581055,153.32052612304688,144.2106475830078,-0.09359638392925262,-0.9794153571128845,-0.17884430289268494,-44.78984832763672,-3.7585060596466064,-34.109004974365234,0.0,0.21709562838077545,43.13535690307617,0,1,1,1,1,6.779841899871826,119.9601058959961,146.0579376220703,-14.754526138305664,138.06439208984375,106.89655303955078,push,21,2025-11-18T12:12:19.189228,my_hand_data\videos\push_seq21_20251118_121218_848085.avi,89.55412122468752,360,90,HIGH,VIDEO_RECORDING,2025-11-18T12:12:22.935051
2025-11-18 12:12:19.214643,31,302,HandType.Right,0.6743732690811157,55.69511032104492,153.22608947753906,143.36068725585938,-0.09192334115505219,-0.979727029800415,-0.17800308763980865,-53.36712646484375,-5.943628787994385,-41.73948287963867,0.0,0.2204439491033554,43.079891204833984,0,1,1,1,1,5.66939640045166,119.74231719970703,145.25030517578125,-15.960238456726074,137.83233642578125,106.26119232177734,push,21,2025-11-18T12:12:19.214643,my_hand_data\videos\push_seq21_20251118_121218_848085.avi,89.55412122468752,360,90,HIGH,VIDEO_RECORDING,2025-11-18T12:12:22.935051
2025-11-18 12:12:19.214643,32,302,HandType.Right,0.6743732690811157,55.69511032104492,153.22608947753906,143.36068725585938,-0.09192334115505219,-0.979727029800415,-0.17800308763980865,-53.36712646484375,-5.943628787994385,-41.73948287963867,0.0,0.2204439491033554,43.079891204833984,0,1,1,1,1,5.66939640045166,119.74231719970703,145.25030517578125,-15.960238456726074,137.83233642578125,106.26119232177734,push,21,2025-11-18T12:12:19.214643,my_hand_data\videos\push_seq21_20251118_121218_848085.avi,89.55412122468752,360,90,HIGH,VIDEO_RECORDING,2025-11-18T12:12:22.935051
2025-11-18 12:12:19.214643,33,302,HandType.Right,0.6752800345420837,55.130035400390625,153.1627197265625,142.9296417236328,-0.09109242260456085,-0.9798182249069214,-0.17792801558971405,-51.67108154296875,-5.793543815612793,-39.41545486450195,0.0,0.21987251937389374,43.0984001159668,0,1,1,1,1,5.10844612121582,119.61309051513672,144.83741760253906,-16.62529182434082,137.7277069091797,105.87771606445312,push,21,2025-11-18T12:12:19.214643,my_hand_data\videos\push_seq21_20251118_121218_848085.avi,89.55412122468752,360,90,HIGH,VIDEO_RECORDING,2025-11-18T12:12:22.935051
2025-11-18 12:12:19.246520,34,302,HandType.Right,0.6791540384292603,53.87334060668945,153.0108184814453,141.96302795410156,-0.09159684181213379,-0.979918360710144,-0.17711599171161652,-58.87063217163086,-5.576573371887207,-43.716190338134766,0.0,0.22117170691490173,43.1250114440918,0,1,1,1,1,3.8434267044067383,119.29603576660156,143.9058074951172,-18.14116859436035,137.6303253173828,105.2300796508789,push,21,2025-11-18T12:12:19.246520,my_hand_data\videos\push_seq21_20251118_121218_848085.avi,89.55412122468752,360,90,HIGH,VIDEO_RECORDING,2025-11-18T12:12:22.935051
2025-11-18 12:12:19.246520,35,302,HandType.Right,0.6791540384292603,53.87334060668945,153.0108184814453,141.96302795410156,-0.09159684181213379,-0.979918360710144,-0.17711599171161652,-58.87063217163086,-5.576573371887207,-43.716190338134766,0.0,0.22117170691490173,43.1250114440918,0,1,1,1,1,3.8434267044067383,119.29603576660156,143.9058074951172,-18.14116859436035,137.6303253173828,105.2300796508789,push,21,2025-11-18T12:12:19.246520,my_hand_data\videos\push_seq21_20251118_121218_848085.avi,89.55412122468752,360,90,HIGH,VIDEO_RECORDING,2025-11-18T12:12:22.935051
2025-11-18 12:12:19.246520,36,302,HandType.Right,0.6810187697410583,53.197845458984375,152.9471893310547,141.4805145263672,-0.09215640276670456,-0.980015754699707,-0.17628470063209534,-62.343875885009766,-5.872162342071533,-44.532859802246094,0.0,0.21957705914974213,43.16154861450195,0,1,1,1,1,3.1743459701538086,119.18461608886719,143.47259521484375,-19.036252975463867,137.592529296875,104.88504028320312,push,21,2025-11-18T12:12:19.246520,my_hand_data\videos\push_seq21_20251118_121218_848085.avi,89.55412122468752,360,90,HIGH,VIDEO_RECORDING,2025-11-18T12:12:22.935051
2025-11-18 12:12:19.278430,37,302,HandType.Right,0.6828566193580627,52.523712158203125,152.92623901367188,141.0050811767578,-0.09235503524541855,-0.980171263217926,-0.1753135621547699,-58.04985809326172,-1.8038825988769531,-40.9403076171875,0.0,0.21869981288909912,43.169246673583984,0,1,1,1,1,2.475965738296509,119.15210723876953,143.07821655273438,-19.96608543395996,137.6116943359375,104.60443878173828,push,21,2025-11-18T12:12:19.278430,my_hand_data\videos\push_seq21_20251118_121218_848085.avi,89.55412122468752,360,90,HIGH,VIDEO_RECORDING,2025-11-18T12:12:22.935051
2025-11-18 12:12:19.278430,38,302,HandType.Right,0.6864082217216492,51.844078063964844,152.88201904296875,140.55946350097656,-0.09273534268140793,-0.9804338216781616,-0.1736365705728531,-62.67958068847656,-4.079057693481445,-41.09725570678711,0.0,0.2166203111410141,43.168548583984375,0,1,1,1,1,1.8001422882080078,119.09716033935547,142.73751831054688,-20.8515567779541,137.40499877929688,104.21350860595703,push,21,2025-11-18T12:12:19.278430,my_hand_data\videos\push_seq21_20251118_121218_848085.avi,89.55412122468752,360,90,HIGH,VIDEO_RECORDING,2025-11-18T12:12:22.935051
2025-11-18 12:12:19.290237,39,302,HandType.Right,0.6909663081169128,51.13581466674805,152.7917938232422,140.02125549316406,-0.09348560869693756,-0.9807730913162231,-0.17130276560783386,-63.441551208496094,-8.081636428833008,-48.208980560302734,0.0,0.21594633162021637,43.168357849121094,0,1,1,1,1,1.0927989482879639,118.98501586914062,142.29273986816406,-21.732912063598633,137.20863342285156,103.79891204833984,push,21,2025-11-18T12:12:19.290237,my_hand_data\videos\push_seq21_20251118_121218_848085.avi,89.55412122468752,360,90,HIGH,VIDEO_RECORDING,2025-11-18T12:12:22.935051
2025-11-18 12:12:19.309885,40,302,HandType.Right,0.6943351626396179,50.38103103637695,152.77706909179688,139.48228454589844,-0.09419015049934387,-0.9810287952423096,-0.16944225132465363,-67.87630462646484,-1.32328462600708,-48.46763229370117,0.0,0.21656107902526855,43.125953674316406,0,1,1,1,1,0.3626681864261627,118.97042083740234,141.85218811035156,-22.686317443847656,137.13296508789062,103.48601531982422,push,21,2025-11-18T12:12:19.309885,my_hand_data\videos\push_seq21_20251118_121218_848085.avi,89.55412122468752,360,90,HIGH,VIDEO_RECORDING,2025-11-18T12:12:22.935051
2025-11-18 12:12:19.309885,41,302,HandType.Right,0.6943351626396179,50.38103103637695,152.77706909179688,139.48228454589844,-0.09419015049934387,-0.9810287952423096,-0.16944225132465363,-67.87630462646484,-1.32328462600708,-48.46763229370117,0.0,0.21656107902526855,43.125953674316406,0,1,1,1,1,0.3626681864261627,118.97042083740234,141.85218811035156,-22.686317443847656,137.13296508789062,103.48601531982422,push,21,2025-11-18T12:12:19.309885,my_hand_data\videos\push_seq21_20251118_121218_848085.avi,89.55412122468752,360,90,HIGH,VIDEO_RECORDING,2025-11-18T12:12:22.935051
2025-11-18 12:12:19.325629,42,302,HandType.Right,0.7002763748168945,48.888763427734375,152.8142852783203,138.55902099609375,-0.09343456476926804,-0.9815489053726196,-0.16682855784893036,-68.51092529296875,3.0430774688720703,-45.03898620605469,0.0,0.20709070563316345,43.295406341552734,0,1,1,1,1,-1.1086612939834595,119.0372543334961,141.19960021972656,-24.636476516723633,137.21792602539062,102.69163513183594,push,21,2025-11-18T12:12:19.325629,my_hand_data\videos\push_seq21_20251118_121218_848085.avi,89.55412122468752,360,90,HIGH,VIDEO_RECORDING,2025-11-18T12:12:22.935051
2025-11-18 12:12:19.341691,43,302,HandType.Right,0.7018978595733643,48.16082763671875,152.85470581054688,138.09303283691406,-0.09366173297166824,-0.9818376898765564,-0.16499154269695282,-65.83463287353516,3.6556313037872314,-42.14470672607422,0.0,0.2061510533094406,43.2921142578125,0,1,1,1,1,-1.8518232107162476,119.10012817382812,140.795654296875,-25.496612548828125,137.29843139648438,102.31898498535156,push,21,2025-11-18T12:12:19.341691,my_hand_data\videos\push_seq21_20251118_121218_848085.avi,89.55412122468752,360,90,HIGH,VIDEO_RECORDING,2025-11-18T12:12:22.935051
2025-11-18 12:12:19.343703,44,302,HandType.Right,0.7031427025794983,47.3972053527832,152.87965393066406,137.6026611328125,-0.09406197816133499,-0.982094943523407,-0.16322331130504608,-67.43997955322266,2.203054189682007,-43.30783462524414,0.0,0.20423553884029388,43.3218879699707,0,1,1,1,1,-2.6027634143829346,119.17154693603516,140.43051147460938,-26.308618545532227,137.36343383789062,101.90047454833984,push,21,2025-11-18T12:12:19.343703,my_hand_data\videos\push_seq21_20251118_121218_848085.avi,89.55412122468752,360,90,HIGH,VIDEO_RECORDING,2025-11-18T12:12:22.935051
2025-11-18 12:12:19.357441,45,302,HandType.Right,0.703697681427002,46.60148239135742,152.89141845703125,137.09288024902344,-0.09430252760648727,-0.9825317859649658,-0.16043178737163544,-70.59929656982422,1.0438841581344604,-45.22879409790039,0.0,0.20271915197372437,43.339012145996094,0,1,1,1,1,-3.3942201137542725,119.2185287475586,140.01890563964844,-27.151905059814453,137.44619750976562,101.47610473632812,push,21,2025-11-18T12:12:19.357441,my_hand_data\videos\push_seq21_20251118_121218_848085.avi,89.55412122468752,360,90,HIGH,VIDEO_RECORDING,2025-11-18T12:12:22.935051
2025-11-18 12:12:19.373612,46,302,HandType.Right,0.7046526074409485,45.79462814331055,153.0222625732422,136.60861206054688,-0.09495273232460022,-0.982819676399231,-0.15827034413814545,-74.68097686767578,12.111344337463379,-44.82339859008789,0.0,0.20324862003326416,43.316749572753906,0,1,1,1,1,-4.173748016357422,119.34628295898438,139.648193359375,-27.943801879882812,137.36251831054688,101.04082489013672,push,21,2025-11-18T12:12:19.373612,my_hand_data\videos\push_seq21_20251118_121218_848085.avi,89.55412122468752,360,90,HIGH,VIDEO_RECORDING,2025-11-18T12:12:22.935051
2025-11-18 12:12:19.378813,47,302,HandType.Right,0.70660400390625,45.03452682495117,153.14080810546875,136.1154022216797,-0.0947650596499443,-0.9831339716911316,-0.15641996264457703,-67.66669464111328,10.553750038146973,-43.906551361083984,0.0,0.20252031087875366,43.31442642211914,0,1,1,1,1,-4.914097309112549,119.47361755371094,139.23826599121094,-28.70953369140625,137.4779815673828,100.61634063720703,push,21,2025-11-18T12:12:19.378813,my_hand_data\videos\push_seq21_20251118_121218_848085.avi,89.55412122468752,360,90,HIGH,VIDEO_RECORDING,2025-11-18T12:12:22.935051
2025-11-18 12:12:19.405483,48,302,HandType.Right,0.7117040753364563,43.539066314697266,153.36904907226562,135.0440673828125,-0.09502243995666504,-0.9833225607872009,-0.15507231652736664,-70.86238098144531,9.953178405761719,-52.0301513671875,0.0,0.20156031847000122,43.287628173828125,0,1,1,1,1,-6.364032745361328,119.75933837890625,138.3334503173828,-30.237905502319336,137.77743530273438,99.72917938232422,push,21,2025-11-18T12:12:19.405483,my_hand_data\videos\push_seq21_20251118_121218_848085.avi,89.55412122468752,360,90,HIGH,VIDEO_RECORDING,2025-11-18T12:12:22.935051
2025-11-18 12:12:19.405483,49,302,HandType.Right,0.7136765718460083,42.77602767944336,153.43780517578125,134.419677734375,-0.09590538591146469,-0.9836287498474121,-0.15256701409816742,-69.11566925048828,6.228778839111328,-56.55757522583008,0.0,0.20206162333488464,43.26750564575195,0,1,1,1,1,-7.092021465301514,119.86198425292969,137.75047302246094,-30.983150482177734,137.913818359375,99.20008850097656,push,21,2025-11-18T12:12:19.405483,my_hand_data\videos\push_seq21_20251118_121218_848085.avi,89.55412122468752,360,90,HIGH,VIDEO_RECORDING,2025-11-18T12:12:22.935051
2025-11-18 12:12:19.405483,50,302,HandType.Right,0.7136765718460083,42.77602767944336,153.43780517578125,134.419677734375,-0.09590538591146469,-0.9836287498474121,-0.15256701409816742,-69.11566925048828,6.228778839111328,-56.55757522583008,0.0,0.20206162333488464,43.26750564575195,0,1,1,1,1,-7.092021465301514,119.86198425292969,137.75047302246094,-30.983150482177734,137.913818359375,99.20008850097656,push,21,2025-11-18T12:12:19.405483,my_hand_data\videos\push_seq21_20251118_121218_848085.avi,89.55412122468752,360,90,HIGH,VIDEO_RECORDING,2025-11-18T12:12:22.935051
2025-11-18 12:12:19.421237,51,302,HandType.Right,0.7136765718460083,42.77602767944336,153.43780517578125,134.419677734375,-0.09590538591146469,-0.9836287498474121,-0.15256701409816742,-69.11566925048828,6.228778839111328,-56.55757522583008,0.0,0.20206162333488464,43.26750564575195,0,1,1,1,1,-7.092021465301514,119.86198425292969,137.75047302246094,-30.983150482177734,137.913818359375,99.20008850097656,push,21,2025-11-18T12:12:19.421237,my_hand_data\videos\push_seq21_20251118_121218_848085.avi,89.55412122468752,360,90,HIGH,VIDEO_RECORDING,2025-11-18T12:12:22.935051
2025-11-18 12:12:19.437060,52,302,HandType.Right,0.7187440991401672,41.28636932373047,153.70416259765625,133.26358032226562,-0.09595712274312973,-0.9841883182525635,-0.14888125658035278,-65.09899139404297,12.879083633422852,-50.191307067871094,0.0,0.1949317753314972,43.44931411743164,0,1,1,1,1,-8.464672088623047,120.23242950439453,136.90184020996094,-32.494319915771484,138.45162963867188,98.18732452392578,push,21,2025-11-18T12:12:19.437060,my_hand_data\videos\push_seq21_20251118_121218_848085.avi,89.55412122468752,360,90,HIGH,VIDEO_RECORDING,2025-11-18T12:12:22.935051
2025-11-18 12:12:19.452977,53,302,HandType.Right,0.7202578783035278,40.50994873046875,153.93907165527344,132.7239532470703,-0.09514052420854568,-0.98455810546875,-0.14694780111312866,-71.31621551513672,21.577037811279297,-49.56587219238281,0.0,0.19403314590454102,43.46053695678711,0,1,1,1,1,-9.160131454467773,120.45669555664062,136.38238525390625,-33.25242614746094,138.64002990722656,97.64383697509766,push,21,2025-11-18T12:12:19.452977,my_hand_data\videos\push_seq21_20251118_121218_848085.avi,89.55412122468752,360,90,HIGH,VIDEO_RECORDING,2025-11-18T12:12:22.935051
2025-11-18 12:12:19.452977,54,302,HandType.Right,0.7231802344322205,39.78815841674805,154.1294708251953,132.11985778808594,-0.0943143218755722,-0.9849592447280884,-0.14477600157260895,-65.1082534790039,17.17430305480957,-54.4918212890625,0.0,0.18869134783744812,43.58283615112305,0,1,1,1,1,-9.819880485534668,120.70439910888672,136.00064086914062,-34.009063720703125,138.84609985351562,97.0576171875,push,21,2025-11-18T12:12:19.452977,my_hand_data\videos\push_seq21_20251118_121218_848085.avi,89.55412122468752,360,90,HIGH,VIDEO_RECORDING,2025-11-18T12:12:22.935051
2025-11-18 12:12:19.468762,55,302,HandType.Right,0.7257202863693237,39.06766891479492,154.3120574951172,131.5056915283203,-0.09336613863706589,-0.9851312637329102,-0.14421908557415009,-63.9811897277832,16.21387481689453,-54.5400390625,0.0,0.18202874064445496,43.701175689697266,0,1,1,1,1,-10.543688774108887,121.00144958496094,135.7113494873047,-34.82418441772461,139.01588439941406,96.46092224121094,push,21,2025-11-18T12:12:19.468762,my_hand_data\videos\push_seq21_20251118_121218_848085.avi,89.55412122468752,360,90,HIGH,VIDEO_RECORDING,2025-11-18T12:12:22.935051
2025-11-18 12:12:19.484496,56,302,HandType.Right,0.7270298600196838,38.37836456298828,154.56695556640625,130.8941650390625,-0.09218332171440125,-0.9852237701416016,-0.14434798061847687,-61.375125885009766,22.69633674621582,-54.44876480102539,0.0,0.1744903028011322,43.82901382446289,0,1,1,1,1,-11.246345520019531,121.38135528564453,135.4014434814453,-35.68232345581055,139.2815704345703,95.84786224365234,push,21,2025-11-18T12:12:19.484496,my_hand_data\videos\push_seq21_20251118_121218_848085.avi,89.55412122468752,360,90,HIGH,VIDEO_RECORDING,2025-11-18T12:12:22.935051
2025-11-18 12:12:19.500331,57,302,HandType.Right,0.7287856936454773,37.6807861328125,154.80581665039062,130.2799530029297,-0.09198728948831558,-0.9852989912033081,-0.1439591348171234,-62.356163024902344,21.351774215698242,-54.90515899658203,0.0,0.17314966022968292,43.80615234375,0,1,1,1,1,-11.94461441040039,121.72254943847656,134.93482971191406,-36.40058517456055,139.37664794921875,95.2188949584961,push,21,2025-11-18T12:12:19.500331,my_hand_data\videos\push_seq21_20251118_121218_848085.avi,89.55412122468752,360,90,HIGH,VIDEO_RECORDING,2025-11-18T12:12:22.935051
2025-11-18 12:12:19.504349,58,302,HandType.Right,0.7303882837295532,37.04352951049805,155.0526123046875,129.68882751464844,-0.09198472648859024,-0.9853816628456116,-0.14339381456375122,-59.51195526123047,23.048437118530273,-55.202877044677734,0.0,0.17068396508693695,43.808265686035156,0,1,1,1,1,-12.585688591003418,122.0240707397461,134.44830322265625,-37.137298583984375,139.5308837890625,94.60726165771484,push,21,2025-11-18T12:12:19.504349,my_hand_data\videos\push_seq21_20251118_121218_848085.avi,89.55412122468752,360,90,HIGH,VIDEO_RECORDING,2025-11-18T12:12:22.935051
2025-11-18 12:12:19.516472,59,302,HandType.Right,0.732062578201294,36.41741943359375,155.33277893066406,129.08706665039062,-0.09167452156543732,-0.9854398369789124,-0.14319270849227905,-55.251644134521484,24.72256088256836,-53.1036262512207,0.0,0.1694447547197342,43.745697021484375,0,1,1,1,1,-13.200785636901855,122.33338928222656,133.92568969726562,-37.819210052490234,139.56405639648438,93.94429016113281,push,21,2025-11-18T12:12:19.516472,my_hand_data\videos\push_seq21_20251118_121218_848085.avi,89.55412122468752,360,90,HIGH,VIDEO_RECORDING,2025-11-18T12:12:22.935051
2025-11-18 12:12:19.532423,60,302,HandType.Right,0.7328675389289856,35.78885269165039,155.67080688476562,128.498291015625,-0.09136621654033661,-0.9854357242584229,-0.1434176117181778,-57.33518981933594,30.834426879882812,-53.70597839355469,0.0,0.16764849424362183,43.71624755859375,0,1,1,1,1,-13.81664752960205,122.69535827636719,133.3972625732422,-38.50218200683594,139.76072692871094,93.2998046875,push,21,2025-11-18T12:12:19.532423,my_hand_data\videos\push_seq21_20251118_121218_848085.avi,89.55412122468752,360,90,HIGH,VIDEO_RECORDING,2025-11-18T12:12:22.935051
2025-11-18 12:12:19.532423,61,302,HandType.Right,0.7346163988113403,35.20086669921875,155.9341583251953,127.91083526611328,-0.09041673690080643,-0.9855485558509827,-0.14324387907981873,-52.242149353027344,23.39743995666504,-52.1943244934082,0.0,0.16418375074863434,43.76108932495117,0,1,1,1,1,-14.373488426208496,122.93736267089844,132.8445281982422,-39.226715087890625,140.01780700683594,92.6956558227539,push,21,2025-11-18T12:12:19.532423,my_hand_data\videos\push_seq21_20251118_121218_848085.avi,89.55412122468752,360,90,HIGH,VIDEO_RECORDING,2025-11-18T12:12:22.935051
2025-11-18 12:12:19.548322,62,302,HandType.Right,0.7366470098495483,34.61796569824219,156.24588012695312,127.33405303955078,-0.09013314545154572,-0.9855923056602478,-0.1431218832731247,-51.19026565551758,27.376209259033203,-50.6528205871582,0.0,0.16208913922309875,43.78362274169922,0,1,1,1,1,-14.944467544555664,123.1603012084961,132.2866973876953,-39.9078254699707,140.21780395507812,92.09800720214844,push,21,2025-11-18T12:12:19.548322,my_hand_data\videos\push_seq21_20251118_121218_848085.avi,89.55412122468752,360,90,HIGH,VIDEO_RECORDING,2025-11-18T12:12:22.935051
2025-11-18 12:12:19.564312,63,302,HandType.Right,0.7385757565498352,34.011192321777344,156.605712890625,126.78682708740234,-0.08939451724290848,-0.9856860041618347,-0.14293937385082245,-56.375755310058594,33.43223571777344,-50.843711853027344,0.0,0.15960590541362762,43.826271057128906,0,1,1,1,1,-15.507776260375977,123.42515563964844,131.74111938476562,-40.605934143066406,140.53512573242188,91.54281616210938,push,21,2025-11-18T12:12:19.564312,my_hand_data\videos\push_seq21_20251118_121218_848085.avi,89.55412122468752,360,90,HIGH,VIDEO_RECORDING,2025-11-18T12:12:22.935051
2025-11-18 12:12:19.566336,64,302,HandType.Right,0.7391523122787476,33.390037536621094,156.96212768554688,126.18690490722656,-0.0897938460111618,-0.98580002784729,-0.141898974776268,-55.75380325317383,31.990571975708008,-53.8478889465332,0.0,0.1574837863445282,43.86259841918945,0,1,1,1,1,-16.08844566345215,123.68789672851562,131.1860809326172,-41.280765533447266,140.77032470703125,90.94268035888672,push,21,2025-11-18T12:12:19.566336,my_hand_data\videos\push_seq21_20251118_121218_848085.avi,89.55412122468752,360,90,HIGH,VIDEO_RECORDING,2025-11-18T12:12:22.935051
2025-11-18 12:12:19.580207,65,302,HandType.Right,0.7395254373550415,32.73875427246094,157.30886840820312,125.5340347290039,-0.09074540436267853,-0.9858574867248535,-0.14089113473892212,-58.1555290222168,30.96225929260254,-58.29708480834961,0.0,0.15793131291866302,43.819091796875,0,1,1,1,1,-16.675878524780273,124.00112915039062,130.57298278808594,-41.94448471069336,140.91693115234375,90.32776641845703,push,21,2025-11-18T12:12:19.580207,my_hand_data\videos\push_seq21_20251118_121218_848085.avi,89.55412122468752,360,90,HIGH,VIDEO_RECORDING,2025-11-18T12:12:22.935051
2025-11-18 12:12:19.596207,66,302,HandType.Right,0.7420088052749634,32.09719467163086,157.60739135742188,124.90454864501953,-0.0912395566701889,-0.9857772588729858,-0.14113295078277588,-57.9654655456543,26.97209358215332,-56.87418746948242,0.0,0.15820324420928955,43.785301208496094,0,1,1,1,1,-17.244461059570312,124.20892333984375,129.9639892578125,-42.575889587402344,140.95333862304688,89.69855499267578,push,21,2025-11-18T12:12:19.596207,my_hand_data\videos\push_seq21_20251118_121218_848085.avi,89.55412122468752,360,90,HIGH,VIDEO_RECORDING,2025-11-18T12:12:22.935051
2025-11-18 12:12:19.599941,67,302,HandType.Right,0.7443413734436035,31.393308639526367,157.85191345214844,124.17351531982422,-0.09118965268135071,-0.9857965707778931,-0.1410302221775055,-63.58489227294922,22.087722778320312,-66.03758239746094,0.0,0.1586005836725235,43.752479553222656,0,1,1,1,1,-17.846725463867188,124.34725952148438,129.2231903076172,-43.194644927978516,140.94842529296875,88.92959594726562,push,21,2025-11-18T12:12:19.599941,my_hand_data\videos\push_seq21_20251118_121218_848085.avi,89.55412122468752,360,90,HIGH,VIDEO_RECORDING,2025-11-18T12:12:22.935051
2025-11-18 12:12:19.628030,68,302,HandType.Right,0.7484897375106812,29.979007720947266,158.3091278076172,122.66082763671875,-0.08964497596025467,-0.9858461022377014,-0.1416730135679245,-62.37440872192383,21.168405532836914,-67.87711334228516,0.0,0.1585264652967453,43.665348052978516,0,1,1,1,1,-19.101749420166016,124.78352355957031,127.72025299072266,-44.43191909790039,141.17208862304688,87.32524871826172,push,21,2025-11-18T12:12:19.628030,my_hand_data\videos\push_seq21_20251118_121218_848085.avi,89.55412122468752,360,90,HIGH,VIDEO_RECORDING,2025-11-18T12:12:22.935051
2025-11-18 12:12:19.628030,69,302,HandType.Right,0.7484897375106812,29.979007720947266,158.3091278076172,122.66082763671875,-0.08964497596025467,-0.9858461022377014,-0.1416730135679245,-62.37440872192383,21.168405532836914,-67.87711334228516,0.0,0.1585264652967453,43.665348052978516,0,1,1,1,1,-19.101749420166016,124.78352355957031,127.72025299072266,-44.43191909790039,141.17208862304688,87.32524871826172,push,21,2025-11-18T12:12:19.628030,my_hand_data\videos\push_seq21_20251118_121218_848085.avi,89.55412122468752,360,90,HIGH,VIDEO_RECORDING,2025-11-18T12:12:22.935051
2025-11-18 12:12:19.639978,70,302,HandType.Right,0.7508084177970886,29.30449867248535,158.54876708984375,121.9729995727539,-0.08908406645059586,-0.9858679175376892,-0.14187484979629517,-60.69015121459961,21.562955856323242,-61.88796615600586,0.0,0.1571127474308014,43.63900375366211,0,1,1,1,1,-19.698284149169922,125.04376220703125,127.04447174072266,-45.01819610595703,141.15322875976562,86.46749877929688,push,21,2025-11-18T12:12:19.639978,my_hand_data\videos\push_seq21_20251118_121218_848085.avi,89.55412122468752,360,90,HIGH,VIDEO_RECORDING,2025-11-18T12:12:22.935051
2025-11-18 12:12:19.659681,71,302,HandType.Right,0.7519809007644653,27.98996353149414,159.00863647460938,120.64534759521484,-0.08786921203136444,-0.9858115911483765,-0.1430191695690155,-57.579708099365234,16.27849769592285,-60.349857330322266,0.0,0.14873453974723816,43.80204391479492,0,1,1,1,1,-20.906190872192383,125.52681732177734,125.86695098876953,-46.35841369628906,141.47706604003906,84.93830108642578,push,21,2025-11-18T12:12:19.659681,my_hand_data\videos\push_seq21_20251118_121218_848085.avi,89.55412122468752,360,90,HIGH,VIDEO_RECORDING,2025-11-18T12:12:22.935051
2025-11-18 12:12:19.663607,72,302,HandType.Right,0.7519809007644653,27.98996353149414,159.00863647460938,120.64534759521484,-0.08786921203136444,-0.9858115911483765,-0.1430191695690155,-57.579708099365234,16.27849769592285,-60.349857330322266,0.0,0.14873453974723816,43.80204391479492,0,1,1,1,1,-20.906190872192383,125.52681732177734,125.86695098876953,-46.35841369628906,141.47706604003906,84.93830108642578,push,21,2025-11-18T12:12:19.663607,my_hand_data\videos\push_seq21_20251118_121218_848085.avi,89.55412122468752,360,90,HIGH,VIDEO_RECORDING,2025-11-18T12:12:22.935051
2025-11-18 12:12:19.668711,73,302,HandType.Right,0.7521209716796875,27.337799072265625,159.16380310058594,119.92059326171875,-0.08826816082000732,-0.9858410358428955,-0.14257009327411652,-58.20808029174805,13.850140571594238,-64.68730926513672,0.0,0.14668157696723938,43.85075759887695,0,1,1,1,1,-21.495059967041016,125.69248962402344,125.23101043701172,-47.0089111328125,141.5284881591797,84.20800018310547,push,21,2025-11-18T12:12:19.668711,my_hand_data\videos\push_seq21_20251118_121218_848085.avi,89.55412122468752,360,90,HIGH,VIDEO_RECORDING,2025-11-18T12:12:22.935051
2025-11-18 12:12:19.691172,74,302,HandType.Right,0.7534955739974976,25.98959732055664,159.46714782714844,118.46188354492188,-0.0896172821521759,-0.9856997728347778,-0.1427048146724701,-62.359378814697266,11.867206573486328,-68.64828491210938,0.0,0.1426718682050705,43.906089782714844,0,1,1,1,1,-22.68280029296875,126.08207702636719,123.97661590576172,-48.33085250854492,141.53939819335938,82.71634674072266,push,21,2025-11-18T12:12:19.691172,my_hand_data\videos\push_seq21_20251118_121218_848085.avi,89.55412122468752,360,90,HIGH,VIDEO_RECORDING,2025-11-18T12:12:22.935051
2025-11-18 12:12:19.691172,75,302,HandType.Right,0.7534955739974976,25.98959732055664,159.46714782714844,118.46188354492188,-0.0896172821521759,-0.9856997728347778,-0.1427048146724701,-62.359378814697266,11.867206573486328,-68.64828491210938,0.0,0.1426718682050705,43.906089782714844,0,1,1,1,1,-22.68280029296875,126.08207702636719,123.97661590576172,-48.33085250854492,141.53939819335938,82.71634674072266,push,21,2025-11-18T12:12:19.691172,my_hand_data\videos\push_seq21_20251118_121218_848085.avi,89.55412122468752,360,90,HIGH,VIDEO_RECORDING,2025-11-18T12:12:22.935051
2025-11-18 12:12:19.707254,76,302,HandType.Right,0.7548010945320129,25.221065521240234,159.56031799316406,117.6606674194336,-0.09046744555234909,-0.985461950302124,-0.14380685985088348,-68.73558044433594,8.332493782043457,-71.65866088867188,0.0,0.14128689467906952,43.941123962402344,0,1,1,1,1,-23.358919143676758,126.18419647216797,123.30485534667969,-49.049076080322266,141.44522094726562,81.93695831298828,push,21,2025-11-18T12:12:19.707254,my_hand_data\videos\push_seq21_20251118_121218_848085.avi,89.55412122468752,360,90,HIGH,VIDEO_RECORDING,2025-11-18T12:12:22.935051
2025-11-18 12:12:19.707254,77,302,HandType.Right,0.7564753293991089,24.476057052612305,159.6670379638672,116.98717498779297,-0.09093987941741943,-0.9853634834289551,-0.14418315887451172,-66.2171401977539,9.485859870910645,-59.86083984375,0.0,0.14310358464717865,43.9189567565918,0,1,1,1,1,-23.969865798950195,126.23457336425781,122.6482162475586,-49.72245407104492,141.4251251220703,81.37327575683594,push,21,2025-11-18T12:12:19.707254,my_hand_data\videos\push_seq21_20251118_121218_848085.avi,89.55412122468752,360,90,HIGH,VIDEO_RECORDING,2025-11-18T12:12:22.935051
2025-11-18 12:12:19.738986,78,302,HandType.Right,0.7615824937820435,22.966054916381836,159.59974670410156,115.541259765625,-0.09107956290245056,-0.9851523041725159,-0.1455315798521042,-69.30620574951172,-6.560897350311279,-67.48372650146484,0.0,0.14559116959571838,43.83515930175781,0,1,1,1,1,-25.29327964782715,126.06106567382812,121.28504180908203,-51.151512145996094,140.95724487304688,80.08019256591797,push,21,2025-11-18T12:12:19.738986,my_hand_data\videos\push_seq21_20251118_121218_848085.avi,89.55412122468752,360,90,HIGH,VIDEO_RECORDING,2025-11-18T12:12:22.935051
2025-11-18 12:12:19.738986,79,302,HandType.Right,0.7615824937820435,22.966054916381836,159.59974670410156,115.541259765625,-0.09107956290245056,-0.9851523041725159,-0.1455315798521042,-69.30620574951172,-6.560897350311279,-67.48372650146484,0.0,0.14559116959571838,43.83515930175781,0,1,1,1,1,-25.29327964782715,126.06106567382812,121.28504180908203,-51.151512145996094,140.95724487304688,80.08019256591797,push,21,2025-11-18T12:12:19.738986,my_hand_data\videos\push_seq21_20251118_121218_848085.avi,89.55412122468752,360,90,HIGH,VIDEO_RECORDING,2025-11-18T12:12:22.935051
2025-11-18 12:12:19.748300,80,302,HandType.Right,0.7643179297447205,22.20379638671875,159.51983642578125,114.8096923828125,-0.09116324037313461,-0.9850189089775085,-0.1463797688484192,-64.68584442138672,-6.78138542175293,-62.08108139038086,0.0,0.1494651734828949,43.7218132019043,0,1,1,1,1,-26.024356842041016,126.00475311279297,120.58750915527344,-51.76969528198242,140.68235778808594,79.40526580810547,push,21,2025-11-18T12:12:19.748300,my_hand_data\videos\push_seq21_20251118_121218_848085.avi,89.55412122468752,360,90,HIGH,VIDEO_RECORDING,2025-11-18T12:12:22.935051
2025-11-18 12:12:19.770534,81,302,HandType.Right,0.7672426700592041,20.576940536499023,159.3742218017578,113.36296081542969,-0.0912528932094574,-0.9851239919662476,-0.14561477303504944,-74.66615295410156,-6.614983558654785,-67.11328887939453,0.0,0.1518780142068863,43.663551330566406,0,1,1,1,1,-27.297964096069336,125.75843811035156,119.17050170898438,-53.23295974731445,140.27342224121094,78.162353515625,push,21,2025-11-18T12:12:19.770534,my_hand_data\videos\push_seq21_20251118_121218_848085.avi,89.55412122468752,360,90,HIGH,VIDEO_RECORDING,2025-11-18T12:12:22.935051
2025-11-18 12:12:19.772043,82,302,HandType.Right,0.7672426700592041,20.576940536499023,159.3742218017578,113.36296081542969,-0.0912528932094574,-0.9851239919662476,-0.14561477303504944,-74.66615295410156,-6.614983558654785,-67.11328887939453,0.0,0.1518780142068863,43.663551330566406,0,1,1,1,1,-27.297964096069336,125.75843811035156,119.17050170898438,-53.23295974731445,140.27342224121094,78.162353515625,push,21,2025-11-18T12:12:19.772043,my_hand_data\videos\push_seq21_20251118_121218_848085.avi,89.55412122468752,360,90,HIGH,VIDEO_RECORDING,2025-11-18T12:12:22.935051
2025-11-18 12:12:19.772043,83,302,HandType.Right,0.7682291865348816,19.72537612915039,159.2788543701172,112.59075164794922,-0.09160755574703217,-0.9853053689002991,-0.14415766298770905,-78.1610107421875,-8.754456520080566,-70.87759399414062,0.0,0.15024635195732117,43.72044372558594,0,1,1,1,1,-27.966049194335938,125.65831756591797,118.50410461425781,-54.03956604003906,140.1378936767578,77.50624084472656,push,21,2025-11-18T12:12:19.772043,my_hand_data\videos\push_seq21_20251118_121218_848085.avi,89.55412122468752,360,90,HIGH,VIDEO_RECORDING,2025-11-18T12:12:22.935051
2025-11-18 12:12:19.802667,84,302,HandType.Right,0.7737894058227539,18.043415069580078,159.20704650878906,111.18180847167969,-0.090317502617836,-0.9855096340179443,-0.14357386529445648,-73.54478454589844,-1.561280608177185,-60.919036865234375,0.0,0.14718739688396454,43.7650032043457,0,1,1,1,1,-29.349885940551758,125.55338287353516,117.20661163330078,-55.66031265258789,139.83242797851562,76.16763305664062,push,21,2025-11-18T12:12:19.802667,my_hand_data\videos\push_seq21_20251118_121218_848085.avi,89.55412122468752,360,90,HIGH,VIDEO_RECORDING,2025-11-18T12:12:22.935051
2025-11-18 12:12:19.808304,85,302,HandType.Right,0.7737894058227539,18.043415069580078,159.20704650878906,111.18180847167969,-0.090317502617836,-0.9855096340179443,-0.14357386529445648,-73.54478454589844,-1.561280608177185,-60.919036865234375,0.0,0.14718739688396454,43.7650032043457,0,1,1,1,1,-29.349885940551758,125.55338287353516,117.20661163330078,-55.66031265258789,139.83242797851562,76.16763305664062,push,21,2025-11-18T12:12:19.808304,my_hand_data\videos\push_seq21_20251118_121218_848085.avi,89.55412122468752,360,90,HIGH,VIDEO_RECORDING,2025-11-18T12:12:22.935051
2025-11-18 12:12:19.812316,86,302,HandType.Right,0.7757251262664795,17.226211547851562,159.2181854248047,110.49927520751953,-0.09021184593439102,-0.9856207966804504,-0.1428758203983307,-72.7437973022461,0.9915302991867065,-60.75611114501953,0.0,0.14706599712371826,43.758934020996094,0,1,1,1,1,-30.075613021850586,125.55447387695312,116.5813980102539,-56.43328094482422,139.70343017578125,75.53019714355469,push,21,2025-11-18T12:12:19.812316,my_hand_data\videos\push_seq21_20251118_121218_848085.avi,89.55412122468752,360,90,HIGH,VIDEO_RECORDING,2025-11-18T12:12:22.935051
2025-11-18 12:12:19.834115,87,302,HandType.Right,0.7778986692428589,15.61428451538086,159.1822052001953,109.11827087402344,-0.09084369242191315,-0.9857455492019653,-0.14160901308059692,-72.36619567871094,-3.0106265544891357,-63.39693069458008,0.0,0.1448988914489746,43.77987289428711,0,1,1,1,1,-31.582719802856445,125.5667953491211,115.41915130615234,-58.132999420166016,139.51072692871094,74.34684753417969,push,21,2025-11-18T12:12:19.834115,my_hand_data\videos\push_seq21_20251118_121218_848085.avi,89.55412122468752,360,90,HIGH,VIDEO_RECORDING,2025-11-18T12:12:22.935051
2025-11-18 12:12:19.834115,88,302,HandType.Right,0.7778986692428589,15.61428451538086,159.1822052001953,109.11827087402344,-0.09084369242191315,-0.9857455492019653,-0.14160901308059692,-72.36619567871094,-3.0106265544891357,-63.39693069458008,0.0,0.1448988914489746,43.77987289428711,0,1,1,1,1,-31.582719802856445,125.5667953491211,115.41915130615234,-58.132999420166016,139.51072692871094,74.34684753417969,push,21,2025-11-18T12:12:19.834115,my_hand_data\videos\push_seq21_20251118_121218_848085.avi,89.55412122468752,360,90,HIGH,VIDEO_RECORDING,2025-11-18T12:12:22.935051
2025-11-18 12:12:19.850180,89,302,HandType.Right,0.7792112827301025,14.795256614685059,159.1187286376953,108.3978042602539,-0.09201806783676147,-0.985718846321106,-0.14103543758392334,-72.91917419433594,-5.650952339172363,-64.14453887939453,0.0,0.14470991492271423,43.759769439697266,0,1,1,1,1,-32.37782669067383,125.57476806640625,114.83535766601562,-59.00295639038086,139.40704345703125,73.77690887451172,push,21,2025-11-18T12:12:19.850180,my_hand_data\videos\push_seq21_20251118_121218_848085.avi,89.55412122468752,360,90,HIGH,VIDEO_RECORDING,2025-11-18T12:12:22.935051
2025-11-18 12:12:19.866210,90,302,HandType.Right,0.779746949672699,13.951363563537598,159.05279541015625,107.66756439208984,-0.09278257936239243,-0.9856399297714233,-0.1410861611366272,-76.75241088867188,-5.997638702392578,-66.41531372070312,0.0,0.14034326374530792,43.822792053222656,0,1,1,1,1,-33.180782318115234,125.60528564453125,114.2888412475586,-60.02021408081055,139.339111328125,73.15424346923828,push,21,2025-11-18T12:12:19.866210,my_hand_data\videos\push_seq21_20251118_121218_848085.avi,89.55412122468752,360,90,HIGH,VIDEO_RECORDING,2025-11-18T12:12:22.935051
2025-11-18 12:12:19.869938,91,302,HandType.Right,0.7805104851722717,13.069897651672363,159.01547241210938,106.88398742675781,-0.09293012320995331,-0.9856419563293457,-0.1409749686717987,-78.65316772460938,-3.329768419265747,-69.91842651367188,0.0,0.1412803828716278,43.755924224853516,0,1,1,1,1,-34.06198501586914,125.67893981933594,113.67416381835938,-60.94927978515625,139.22344970703125,72.55764770507812,push,21,2025-11-18T12:12:19.869938,my_hand_data\videos\push_seq21_20251118_121218_848085.avi,89.55412122468752,360,90,HIGH,VIDEO_RECORDING,2025-11-18T12:12:22.935051
2025-11-18 12:12:19.882385,92,302,HandType.Right,0.7818555235862732,12.148497581481934,158.99453735351562,106.06205749511719,-0.09273907542228699,-0.9856216907501221,-0.14124220609664917,-84.24612426757812,-1.9135768413543701,-75.15174102783203,0.0,0.1407824456691742,43.738059997558594,0,1,1,1,1,-34.96843719482422,125.68181610107422,112.9732666015625,-61.951473236083984,139.1623992919922,71.8826675415039,push,21,2025-11-18T12:12:19.882385,my_hand_data\videos\push_seq21_20251118_121218_848085.avi,89.55412122468752,360,90,HIGH,VIDEO_RECORDING,2025-11-18T12:12:22.935051
2025-11-18 12:12:19.898113,93,302,HandType.Right,0.7840893864631653,11.26303482055664,159.0001678466797,105.21490478515625,-0.09168713539838791,-0.9855848550796509,-0.14218300580978394,-78.70086669921875,0.4993315041065216,-75.29541015625,0.0,0.1384935826063156,43.76020431518555,0,1,1,1,1,-35.8226203918457,125.67676544189453,112.29450225830078,-62.898895263671875,139.017578125,71.12352752685547,push,21,2025-11-18T12:12:19.898113,my_hand_data\videos\push_seq21_20251118_121218_848085.avi,89.55412122468752,360,90,HIGH,VIDEO_RECORDING,2025-11-18T12:12:22.935051
2025-11-18 12:12:19.898113,94,302,HandType.Right,0.7855459451675415,10.388042449951172,159.05068969726562,104.37265014648438,-0.09002645313739777,-0.9855375289916992,-0.14356543123722076,-78.70044708251953,4.544422626495361,-75.75582885742188,0.0,0.13854840397834778,43.73525619506836,0,1,1,1,1,-36.64311218261719,125.6882553100586,111.5544204711914,-63.79867935180664,138.94297790527344,70.41094970703125,push,21,2025-11-18T12:12:19.898113,my_hand_data\videos\push_seq21_20251118_121218_848085.avi,89.55412122468752,360,90,HIGH,VIDEO_RECORDING,2025-11-18T12:12:22.935051
2025-11-18 12:12:19.914171,95,302,HandType.Right,0.7874640226364136,9.528104782104492,159.1581268310547,103.52517700195312,-0.08969105780124664,-0.9853383898735046,-0.14513355493545532,-75.9528579711914,9.48928165435791,-74.85216522216797,0.0,0.13866348564624786,43.711341857910156,0,1,1,1,1,-37.443931579589844,125.75035095214844,110.82396697998047,-64.68379211425781,138.841796875,69.69056701660156,push,21,2025-11-18T12:12:19.914171,my_hand_data\videos\push_seq21_20251118_121218_848085.avi,89.55412122468752,360,90,HIGH,VIDEO_RECORDING,2025-11-18T12:12:22.935051
2025-11-18 12:12:19.929920,96,302,HandType.Right,0.7889679074287415,8.652019500732422,159.32131958007812,102.69019317626953,-0.0895610898733139,-0.9851803779602051,-0.14628203213214874,-81.17156982421875,15.121118545532227,-77.36382293701172,0.0,0.1369323879480362,43.772117614746094,0,1,1,1,1,-38.23860168457031,125.8224868774414,110.05300903320312,-65.58916473388672,138.93360900878906,68.92210388183594,push,21,2025-11-18T12:12:19.929920,my_hand_data\videos\push_seq21_20251118_121218_848085.avi,89.55412122468752,360,90,HIGH,VIDEO_RECORDING,2025-11-18T12:12:22.935051
2025-11-18 12:12:19.929920,97,302,HandType.Right,0.7889679074287415,8.652019500732422,159.32131958007812,102.69019317626953,-0.0895610898733139,-0.9851803779602051,-0.14628203213214874,-81.17156982421875,15.121118545532227,-77.36382293701172,0.0,0.1369323879480362,43.772117614746094,0,1,1,1,1,-38.23860168457031,125.8224868774414,110.05300903320312,-65.58916473388672,138.93360900878906,68.92210388183594,push,21,2025-11-18T12:12:19.929920,my_hand_data\videos\push_seq21_20251118_121218_848085.avi,89.55412122468752,360,90,HIGH,VIDEO_RECORDING,2025-11-18T12:12:22.935051
2025-11-18 12:12:19.961604,98,302,HandType.Right,0.792577862739563,5.9692840576171875,159.95037841796875,100.35405731201172,-0.08855324983596802,-0.9851138591766357,-0.1473396271467209,-86.20069122314453,17.701946258544922,-72.76588439941406,0.0,0.14194591343402863,43.58330154418945,0,1,1,1,1,-40.83651351928711,126.43064880371094,107.8987045288086,-68.2986831665039,139.26687622070312,66.97384643554688,push,21,2025-11-18T12:12:19.961604,my_hand_data\videos\push_seq21_20251118_121218_848085.avi,89.55412122468752,360,90,HIGH,VIDEO_RECORDING,2025-11-18T12:12:22.935051
2025-11-18 12:12:19.961604,99,302,HandType.Right,0.792577862739563,5.9692840576171875,159.95037841796875,100.35405731201172,-0.08855324983596802,-0.9851138591766357,-0.1473396271467209,-86.20069122314453,17.701946258544922,-72.76588439941406,0.0,0.14194591343402863,43.58330154418945,0,1,1,1,1,-40.83651351928711,126.43064880371094,107.8987045288086,-68.2986831665039,139.26687622070312,66.97384643554688,push,21,2025-11-18T12:12:19.961604,my_hand_data\videos\push_seq21_20251118_121218_848085.avi,89.55412122468752,360,90,HIGH,VIDEO_RECORDING,2025-11-18T12:12:22.935051
2025-11-18 12:12:19.961604,100,302,HandType.Right,0.7940657138824463,5.031850337982178,160.11000061035156,99.54370880126953,-0.08811549842357635,-0.985093355178833,-0.14773879945278168,-84.4306869506836,14.376154899597168,-72.98453521728516,0.0,0.14573289453983307,43.4627799987793,0,1,1,1,1,-41.782798767089844,126.60455322265625,107.15240478515625,-69.14990234375,139.19644165039062,66.25691223144531,push,21,2025-11-18T12:12:19.961604,my_hand_data\videos\push_seq21_20251118_121218_848085.avi,89.55412122468752,360,90,HIGH,VIDEO_RECORDING,2025-11-18T12:12:22.935051
2025-11-18 12:12:19.992928,101,302,HandType.Right,0.7974923253059387,3.1735053062438965,160.64324951171875,97.90544891357422,-0.0868474543094635,-0.9849976301193237,-0.14912132918834686,-82.63491821289062,23.72122573852539,-74.7127456665039,0.0,0.1508467197418213,43.30824279785156,0,1,1,1,1,-43.635440826416016,127.19815826416016,105.71825408935547,-70.80252838134766,139.44480895996094,64.80899047851562,push,21,2025-11-18T12:12:19.992928,my_hand_data\videos\push_seq21_20251118_121218_848085.avi,89.55412122468752,360,90,HIGH,VIDEO_RECORDING,2025-11-18T12:12:22.935051
2025-11-18 12:12:19.992928,102,302,HandType.Right,0.7974923253059387,3.1735053062438965,160.64324951171875,97.90544891357422,-0.0868474543094635,-0.9849976301193237,-0.14912132918834686,-82.63491821289062,23.72122573852539,-74.7127456665039,0.0,0.1508467197418213,43.30824279785156,0,1,1,1,1,-43.635440826416016,127.19815826416016,105.71825408935547,-70.80252838134766,139.44480895996094,64.80899047851562,push,21,2025-11-18T12:12:19.992928,my_hand_data\videos\push_seq21_20251118_121218_848085.avi,89.55412122468752,360,90,HIGH,VIDEO_RECORDING,2025-11-18T12:12:22.935051
2025-11-18 12:12:20.001566,103,302,HandType.Right,0.7974923253059387,3.1735053062438965,160.64324951171875,97.90544891357422,-0.0868474543094635,-0.9849976301193237,-0.14912132918834686,-82.63491821289062,23.72122573852539,-74.7127456665039,0.0,0.1508467197418213,43.30824279785156,0,1,1,1,1,-43.635440826416016,127.19815826416016,105.71825408935547,-70.80252838134766,139.44480895996094,64.80899047851562,push,21,2025-11-18T12:12:20.001566,my_hand_data\videos\push_seq21_20251118_121218_848085.avi,89.55412122468752,360,90,HIGH,VIDEO_RECORDING,2025-11-18T12:12:22.935051
2025-11-18 12:12:20.024397,104,302,HandType.Right,0.8029174208641052,1.421881914138794,161.33367919921875,96.42796325683594,-0.0870853140950203,-0.984650194644928,-0.15126165747642517,-77.47029876708984,33.02303695678711,-62.454471588134766,0.0,0.15874159336090088,43.06350326538086,0,1,1,1,1,-45.35037612915039,127.9749755859375,104.31494140625,-72.35210418701172,139.8413543701172,63.526512145996094,push,21,2025-11-18T12:12:20.024397,my_hand_data\videos\push_seq21_20251118_121218_848085.avi,89.55412122468752,360,90,HIGH,VIDEO_RECORDING,2025-11-18T12:12:22.935051
2025-11-18 12:12:20.029365,105,302,HandType.Right,0.8029174208641052,1.421881914138794,161.33367919921875,96.42796325683594,-0.0870853140950203,-0.984650194644928,-0.15126165747642517,-77.47029876708984,33.02303695678711,-62.454471588134766,0.0,0.15874159336090088,43.06350326538086,0,1,1,1,1,-45.35037612915039,127.9749755859375,104.31494140625,-72.35210418701172,139.8413543701172,63.526512145996094,push,21,2025-11-18T12:12:20.029365,my_hand_data\videos\push_seq21_20251118_121218_848085.avi,89.55412122468752,360,90,HIGH,VIDEO_RECORDING,2025-11-18T12:12:22.935051
2025-11-18 12:12:20.034516,106,302,HandType.Right,0.8029174208641052,1.421881914138794,161.33367919921875,96.42796325683594,-0.0870853140950203,-0.984650194644928,-0.15126165747642517,-77.47029876708984,33.02303695678711,-62.454471588134766,0.0,0.15874159336090088,43.06350326538086,0,1,1,1,1,-45.35037612915039,127.9749755859375,104.31494140625,-72.35210418701172,139.8413543701172,63.526512145996094,push,21,2025-11-18T12:12:20.034516,my_hand_data\videos\push_seq21_20251118_121218_848085.avi,89.55412122468752,360,90,HIGH,VIDEO_RECORDING,2025-11-18T12:12:22.935051
2025-11-18 12:12:20.055570,107,302,HandType.Right,0.8080050945281982,-1.0790011882781982,162.50889587402344,94.18975830078125,-0.08805172890424728,-0.9838883280754089,-0.1555977463722229,-75.88636779785156,37.598751068115234,-71.09174346923828,0.0,0.16346769034862518,42.838985443115234,0,1,1,1,1,-47.86207962036133,129.3624267578125,102.28045654296875,-74.71952056884766,140.87628173828125,61.47835922241211,push,21,2025-11-18T12:12:20.055570,my_hand_data\videos\push_seq21_20251118_121218_848085.avi,89.55412122468752,360,90,HIGH,VIDEO_RECORDING,2025-11-18T12:12:22.935051
2025-11-18 12:12:20.062367,108,302,HandType.Right,0.8089495301246643,-1.9008322954177856,162.90882873535156,93.40254974365234,-0.08882278203964233,-0.9836434125900269,-0.15670406818389893,-73.93225860595703,35.97840118408203,-70.8171157836914,0.0,0.16806872189044952,42.69668197631836,0,1,1,1,1,-48.737369537353516,129.85162353515625,101.5740737915039,-75.460205078125,141.21131896972656,60.830806732177734,push,21,2025-11-18T12:12:20.062367,my_hand_data\videos\push_seq21_20251118_121218_848085.avi,89.55412122468752,360,90,HIGH,VIDEO_RECORDING,2025-11-18T12:12:22.935051
2025-11-18 12:12:20.066383,109,302,HandType.Right,0.8103874921798706,-2.7308349609375,163.27980041503906,92.60936737060547,-0.08859448879957199,-0.9834522604942322,-0.15802736580371857,-74.82219696044922,33.44257736206055,-71.5033187866211,0.0,0.16965852677822113,42.59208297729492,0,1,1,1,1,-49.655670166015625,130.3600616455078,100.86846923828125,-76.25981903076172,141.55120849609375,60.060699462890625,push,21,2025-11-18T12:12:20.066383,my_hand_data\videos\push_seq21_20251118_121218_848085.avi,89.55412122468752,360,90,HIGH,VIDEO_RECORDING,2025-11-18T12:12:22.935051
2025-11-18 12:12:20.087735,110,302,HandType.Right,0.8120415806770325,-3.578294277191162,163.6226348876953,91.775146484375,-0.08894267678260803,-0.9831989407539368,-0.15940198302268982,-75.450439453125,30.522241592407227,-74.2718734741211,0.0,0.17139731347560883,42.48460388183594,0,1,1,1,1,-50.551944732666016,130.8677520751953,100.10919189453125,-77.08802795410156,141.8945770263672,59.28006362915039,push,21,2025-11-18T12:12:20.087735,my_hand_data\videos\push_seq21_20251118_121218_848085.avi,89.55412122468752,360,90,HIGH,VIDEO_RECORDING,2025-11-18T12:12:22.935051
2025-11-18 12:12:20.087735,111,302,HandType.Right,0.8132160305976868,-4.369775295257568,163.96507263183594,90.99881744384766,-0.08936138451099396,-0.9831186532974243,-0.15966308116912842,-72.07076263427734,31.18165397644043,-70.69092559814453,0.0,0.1738404929637909,42.38736343383789,0,1,1,1,1,-51.366722106933594,131.29879760742188,99.33598327636719,-77.82119750976562,142.23069763183594,58.52703094482422,push,21,2025-11-18T12:12:20.087735,my_hand_data\videos\push_seq21_20251118_121218_848085.avi,89.55412122468752,360,90,HIGH,VIDEO_RECORDING,2025-11-18T12:12:22.935051
2025-11-18 12:12:20.103682,112,302,HandType.Right,0.8151017427444458,-5.168082237243652,164.35211181640625,90.20799255371094,-0.08957548439502716,-0.9830280542373657,-0.1601003259420395,-70.87871551513672,34.36438751220703,-70.21441650390625,0.0,0.1758194863796234,42.335140228271484,0,1,1,1,1,-52.14583206176758,131.71949768066406,98.54544830322266,-78.56348419189453,142.6595458984375,57.792259216308594,push,21,2025-11-18T12:12:20.103682,my_hand_data\videos\push_seq21_20251118_121218_848085.avi,89.55412122468752,360,90,HIGH,VIDEO_RECORDING,2025-11-18T12:12:22.935051
2025-11-18 12:12:20.119353,113,302,HandType.Right,0.8163894414901733,-6.020702362060547,164.7223358154297,89.33524322509766,-0.08951599150896072,-0.9829519391059875,-0.16060008108615875,-77.37727355957031,33.59819030761719,-79.20433807373047,0.0,0.17779965698719025,42.28639221191406,0,1,1,1,1,-52.99285888671875,132.10755920410156,97.67566680908203,-79.38054656982422,143.086669921875,56.988792419433594,push,21,2025-11-18T12:12:20.119353,my_hand_data\videos\push_seq21_20251118_121218_848085.avi,89.55412122468752,360,90,HIGH,VIDEO_RECORDING,2025-11-18T12:12:22.935051
2025-11-18 12:12:20.122597,114,302,HandType.Right,0.8182283043861389,-6.849587440490723,165.1293487548828,88.49058532714844,-0.08949139714241028,-0.9827666878700256,-0.16174346208572388,-74.1200942993164,36.396324157714844,-75.53035736083984,0.0,0.1807798594236374,42.219947814941406,0,1,1,1,1,-53.78506851196289,132.51515197753906,96.81202697753906,-80.09264373779297,143.47933959960938,56.18987274169922,push,21,2025-11-18T12:12:20.122597,my_hand_data\videos\push_seq21_20251118_121218_848085.avi,89.55412122468752,360,90,HIGH,VIDEO_RECORDING,2025-11-18T12:12:22.935051
2025-11-18 12:12:20.135128,115,302,HandType.Right,0.8182283043861389,-6.849587440490723,165.1293487548828,88.49058532714844,-0.08949139714241028,-0.9827666878700256,-0.16174346208572388,-74.1200942993164,36.396324157714844,-75.53035736083984,0.0,0.1807798594236374,42.219947814941406,0,1,1,1,1,-53.78506851196289,132.51515197753906,96.81202697753906,-80.09264373779297,143.47933959960938,56.18987274169922,push,21,2025-11-18T12:12:20.135128,my_hand_data\videos\push_seq21_20251118_121218_848085.avi,89.55412122468752,360,90,HIGH,VIDEO_RECORDING,2025-11-18T12:12:22.935051
2025-11-18 12:12:20.150407,116,302,HandType.Right,0.8214091658592224,-8.45760440826416,165.94094848632812,86.86238098144531,-0.08905834704637527,-0.9822133183479309,-0.16530457139015198,-73.18755340576172,37.79377365112305,-72.09803009033203,0.0,0.18527308106422424,42.147029876708984,0,1,1,1,1,-55.199851989746094,133.2484893798828,95.06774139404297,-81.38404846191406,144.2751922607422,54.56196594238281,push,21,2025-11-18T12:12:20.150407,my_hand_data\videos\push_seq21_20251118_121218_848085.avi,89.55412122468752,360,90,HIGH,VIDEO_RECORDING,2025-11-18T12:12:22.935051
2025-11-18 12:12:20.166294,117,302,HandType.Right,0.8235521912574768,-9.195831298828125,166.2668914794922,86.04589080810547,-0.08919210731983185,-0.9818692803382874,-0.16726458072662354,-65.8719482421875,29.08480453491211,-72.8554458618164,0.0,0.18710805475711823,42.12747573852539,0,1,1,1,1,-55.86254119873047,133.55035400390625,94.22132110595703,-81.97977447509766,144.62298583984375,53.75511169433594,push,21,2025-11-18T12:12:20.166294,my_hand_data\videos\push_seq21_20251118_121218_848085.avi,89.55412122468752,360,90,HIGH,VIDEO_RECORDING,2025-11-18T12:12:22.935051
2025-11-18 12:12:20.169735,118,302,HandType.Right,0.8252142667770386,-9.918007850646973,166.65594482421875,85.29402923583984,-0.088843934237957,-0.9815697073936462,-0.16919715702533722,-65.13726806640625,35.091224670410156,-67.81423950195312,0.0,0.1894327700138092,42.08945083618164,0,1,1,1,1,-56.46839141845703,133.91717529296875,93.38716888427734,-82.49311828613281,145.04075622558594,52.967803955078125,push,21,2025-11-18T12:12:20.172319,my_hand_data\videos\push_seq21_20251118_121218_848085.avi,89.55412122468752,360,90,HIGH,VIDEO_RECORDING,2025-11-18T12:12:22.935051
2025-11-18 12:12:20.182328,119,302,HandType.Right,0.8266317844390869,-10.654492378234863,167.0028076171875,84.46822357177734,-0.08824244886636734,-0.9810398817062378,-0.1725514978170395,-64.98583221435547,30.60618019104004,-72.86717224121094,0.0,0.19067341089248657,42.07936477661133,0,1,1,1,1,-57.12060546875,134.25392150878906,92.50698852539062,-83.13660430908203,145.47450256347656,52.15305709838867,push,21,2025-11-18T12:12:20.182328,my_hand_data\videos\push_seq21_20251118_121218_848085.avi,89.55412122468752,360,90,HIGH,VIDEO_RECORDING,2025-11-18T12:12:22.935051
2025-11-18 12:12:20.186611,120,302,HandType.Right,0.8280267715454102,-11.416546821594238,167.28533935546875,83.61552429199219,-0.0878177061676979,-0.9805945158004761,-0.17527833580970764,-69.65125274658203,25.823516845703125,-77.9363021850586,0.0,0.1928665041923523,42.02268600463867,0,1,1,1,1,-57.81602478027344,134.53829956054688,91.58133697509766,-83.76986694335938,145.77333068847656,51.2767448425293,push,21,2025-11-18T12:12:20.186611,my_hand_data\videos\push_seq21_20251118_121218_848085.avi,89.55412122468752,360,90,HIGH,VIDEO_RECORDING,2025-11-18T12:12:22.935051
2025-11-18 12:12:20.214191,121,302,HandType.Right,0.8309021592140198,-12.977133750915527,167.82272338867188,81.892578125,-0.08712844550609589,-0.980207085609436,-0.17777155339717865,-70.60902404785156,26.413366317749023,-77.52094268798828,0.0,0.19176511466503143,42.067569732666016,0,1,1,1,1,-59.138526916503906,135.09368896484375,89.80986785888672,-85.21609497070312,146.3928680419922,49.53516387939453,push,21,2025-11-18T12:12:20.214191,my_hand_data\videos\push_seq21_20251118_121218_848085.avi,89.55412122468752,360,90,HIGH,VIDEO_RECORDING,2025-11-18T12:12:22.935051
2025-11-18 12:12:20.217666,122,302,HandType.Right,0.8309021592140198,-12.977133750915527,167.82272338867188,81.892578125,-0.08712844550609589,-0.980207085609436,-0.17777155339717865,-70.60902404785156,26.413366317749023,-77.52094268798828,0.0,0.19176511466503143,42.067569732666016,0,1,1,1,1,-59.138526916503906,135.09368896484375,89.80986785888672,-85.21609497070312,146.3928680419922,49.53516387939453,push,21,2025-11-18T12:12:20.217666,my_hand_data\videos\push_seq21_20251118_121218_848085.avi,89.55412122468752,360,90,HIGH,VIDEO_RECORDING,2025-11-18T12:12:22.935051
2025-11-18 12:12:20.217666,123,302,HandType.Right,0.8321186900138855,-13.75834846496582,168.13912963867188,81.06426239013672,-0.08721184730529785,-0.9801635146141052,-0.17797069251537323,-69.28730773925781,28.06159782409668,-73.46430206298828,0.0,0.1922045201063156,42.065826416015625,0,1,1,1,1,-59.834556579589844,135.41006469726562,88.96977996826172,-85.91407775878906,146.70449829101562,48.70600891113281,push,21,2025-11-18T12:12:20.217666,my_hand_data\videos\push_seq21_20251118_121218_848085.avi,89.55412122468752,360,90,HIGH,VIDEO_RECORDING,2025-11-18T12:12:22.935051
2025-11-18 12:12:20.246097,124,302,HandType.Right,0.833560585975647,-15.346400260925293,168.60108947753906,79.33966064453125,-0.08809614926576614,-0.9797620177268982,-0.1797371655702591,-73.7948226928711,20.301054000854492,-78.14830017089844,0.0,0.19365699589252472,42.02912521362305,0,1,1,1,1,-61.2893180847168,135.86973571777344,87.21316528320312,-87.40999603271484,147.11602783203125,47.008419036865234,push,21,2025-11-18T12:12:20.246097,my_hand_data\videos\push_seq21_20251118_121218_848085.avi,89.55412122468752,360,90,HIGH,VIDEO_RECORDING,2025-11-18T12:12:22.935051
2025-11-18 12:12:20.253205,125,302,HandType.Right,0.833560585975647,-15.346400260925293,168.60108947753906,79.33966064453125,-0.08809614926576614,-0.9797620177268982,-0.1797371655702591,-73.7948226928711,20.301054000854492,-78.14830017089844,0.0,0.19365699589252472,42.02912521362305,0,1,1,1,1,-61.2893180847168,135.86973571777344,87.21316528320312,-87.40999603271484,147.11602783203125,47.008419036865234,push,21,2025-11-18T12:12:20.253205,my_hand_data\videos\push_seq21_20251118_121218_848085.avi,89.55412122468752,360,90,HIGH,VIDEO_RECORDING,2025-11-18T12:12:22.935051
2025-11-18 12:12:20.257218,126,302,HandType.Right,0.833560585975647,-15.346400260925293,168.60108947753906,79.33966064453125,-0.08809614926576614,-0.9797620177268982,-0.1797371655702591,-73.7948226928711,20.301054000854492,-78.14830017089844,0.0,0.19365699589252472,42.02912521362305,0,1,1,1,1,-61.2893180847168,135.86973571777344,87.21316528320312,-87.40999603271484,147.11602783203125,47.008419036865234,push,21,2025-11-18T12:12:20.259224,my_hand_data\videos\push_seq21_20251118_121218_848085.avi,89.55412122468752,360,90,HIGH,VIDEO_RECORDING,2025-11-18T12:12:22.935051
2025-11-18 12:12:20.277825,127,302,HandType.Right,0.8362525701522827,-16.953096389770508,168.99032592773438,77.74629974365234,-0.08727166056632996,-0.9795875549316406,-0.1810852289199829,-73.25341033935547,13.494222640991211,-73.56547546386719,0.0,0.19459030032157898,42.00141143798828,0,1,1,1,1,-62.741546630859375,136.1904296875,85.57075500488281,-88.9335708618164,147.3795166015625,45.4238166809082,push,21,2025-11-18T12:12:20.277825,my_hand_data\videos\push_seq21_20251118_121218_848085.avi,89.55412122468752,360,90,HIGH,VIDEO_RECORDING,2025-11-18T12:12:22.935051
2025-11-18 12:12:20.277825,128,302,HandType.Right,0.8370193839073181,-17.758583068847656,169.08876037597656,76.93262481689453,-0.08692535758018494,-0.9794119596481323,-0.18219827115535736,-70.40974426269531,8.605191230773926,-71.12550354003906,0.0,0.19455865025520325,42.02064514160156,0,1,1,1,1,-63.43631362915039,136.1758575439453,84.69367218017578,-89.716552734375,147.463623046875,44.62388610839844,push,21,2025-11-18T12:12:20.277825,my_hand_data\videos\push_seq21_20251118_121218_848085.avi,89.55412122468752,360,90,HIGH,VIDEO_RECORDING,2025-11-18T12:12:22.935051
2025-11-18 12:12:20.293957,129,302,HandType.Right,0.8384637236595154,-18.637897491455078,169.12393188476562,76.0611801147461,-0.08663167804479599,-0.9793909192085266,-0.18245118856430054,-80.24406433105469,3.209088087081909,-79.52574920654297,0.0,0.1965530961751938,41.966915130615234,0,1,1,1,1,-64.24150085449219,136.1466827392578,83.721923828125,-90.58454132080078,147.513916015625,43.79941177368164,push,21,2025-11-18T12:12:20.293957,my_hand_data\videos\push_seq21_20251118_121218_848085.avi,89.55412122468752,360,90,HIGH,VIDEO_RECORDING,2025-11-18T12:12:22.935051
2025-11-18 12:12:20.310026,130,302,HandType.Right,0.8398968577384949,-19.522918701171875,169.15391540527344,75.18577575683594,-0.08567188680171967,-0.979398250579834,-0.18286427855491638,-80.31041717529297,2.7210052013397217,-79.43800354003906,0.0,0.19648750126361847,41.99892044067383,0,1,1,1,1,-64.99077606201172,136.05604553222656,82.76625061035156,-91.4194107055664,147.54747009277344,42.931915283203125,push,21,2025-11-18T12:12:20.310026,my_hand_data\videos\push_seq21_20251118_121218_848085.avi,89.55412122468752,360,90,HIGH,VIDEO_RECORDING,2025-11-18T12:12:22.935051
2025-11-18 12:12:20.310026,131,302,HandType.Right,0.8415005207061768,-20.506175994873047,169.14321899414062,74.26670837402344,-0.08461901545524597,-0.9792698621749878,-0.18403838574886322,-86.50098419189453,-0.9410352110862732,-80.85352325439453,0.0,0.19752514362335205,41.993431091308594,0,1,1,1,1,-65.88709259033203,135.98007202148438,81.7940673828125,-92.3418197631836,147.54689025878906,42.04070281982422,push,21,2025-11-18T12:12:20.310026,my_hand_data\videos\push_seq21_20251118_121218_848085.avi,89.55412122468752,360,90,HIGH,VIDEO_RECORDING,2025-11-18T12:12:22.935051
2025-11-18 12:12:20.325685,132,302,HandType.Right,0.8427643179893494,-21.514705657958984,169.1348876953125,73.34174346923828,-0.08322570472955704,-0.9791004061698914,-0.18556900322437286,-88.96701049804688,-0.7348812818527222,-81.59552764892578,0.0,0.19779826700687408,41.992156982421875,0,1,1,1,1,-66.83038330078125,135.9585723876953,80.86347961425781,-93.297607421875,147.52517700195312,41.12613296508789,push,21,2025-11-18T12:12:20.325685,my_hand_data\videos\push_seq21_20251118_121218_848085.avi,89.55412122468752,360,90,HIGH,VIDEO_RECORDING,2025-11-18T12:12:22.935051
2025-11-18 12:12:20.341458,133,302,HandType.Right,0.8441291451454163,-22.520734786987305,169.12506103515625,72.41522979736328,-0.08201500028371811,-0.9789007306098938,-0.1871548444032669,-93.88106536865234,-0.9174138903617859,-86.46097564697266,0.0,0.19687624275684357,42.04111099243164,0,1,1,1,1,-67.69005584716797,135.8960723876953,79.93511962890625,-94.2187271118164,147.4907989501953,40.203556060791016,push,21,2025-11-18T12:12:20.341458,my_hand_data\videos\push_seq21_20251118_121218_848085.avi,89.55412122468752,360,90,HIGH,VIDEO_RECORDING,2025-11-18T12:12:22.935051
2025-11-18 12:12:20.343465,134,302,HandType.Right,0.8449445366859436,-23.47899627685547,169.1056671142578,71.51661682128906,-0.08154802769422531,-0.9788264036178589,-0.18774661421775818,-85.88105773925781,-1.7386159896850586,-80.53511047363281,0.0,0.19598905742168427,42.117828369140625,0,1,1,1,1,-68.47962951660156,135.77236938476562,79.03815460205078,-95.05438995361328,147.44216918945312,39.315773010253906,push,21,2025-11-18T12:12:20.343465,my_hand_data\videos\push_seq21_20251118_121218_848085.avi,89.55412122468752,360,90,HIGH,VIDEO_RECORDING,2025-11-18T12:12:22.935051
2025-11-18 12:12:20.372844,135,302,HandType.Right,0.8470715880393982,-25.472759246826172,169.08934020996094,69.82566833496094,-0.08039993047714233,-0.9788123369216919,-0.18831413984298706,-90.30872344970703,-2.283977746963501,-76.87001037597656,0.0,0.19736996293067932,42.138065338134766,0,1,1,1,1,-70.27100372314453,135.6705322265625,77.35395812988281,-96.80570220947266,147.32666015625,37.64802551269531,push,21,2025-11-18T12:12:20.372844,my_hand_data\videos\push_seq21_20251118_121218_848085.avi,89.55412122468752,360,90,HIGH,VIDEO_RECORDING,2025-11-18T12:12:22.935051
2025-11-18 12:12:20.372844,136,302,HandType.Right,0.8470715880393982,-25.472759246826172,169.08934020996094,69.82566833496094,-0.08039993047714233,-0.9788123369216919,-0.18831413984298706,-90.30872344970703,-2.283977746963501,-76.87001037597656,0.0,0.19736996293067932,42.138065338134766,0,1,1,1,1,-70.27100372314453,135.6705322265625,77.35395812988281,-96.80570220947266,147.32666015625,37.64802551269531,push,21,2025-11-18T12:12:20.372844,my_hand_data\videos\push_seq21_20251118_121218_848085.avi,89.55412122468752,360,90,HIGH,VIDEO_RECORDING,2025-11-18T12:12:22.935051
2025-11-18 12:12:20.372844,137,302,HandType.Right,0.8475000858306885,-26.53628158569336,169.1057891845703,69.0325698852539,-0.07910402864217758,-0.9788447618484497,-0.18869419395923615,-95.52875518798828,1.4785906076431274,-71.23841857910156,0.0,0.19688183069229126,42.171714782714844,0,1,1,1,1,-71.22907257080078,135.63076782226562,76.5626449584961,-97.81047821044922,147.2970733642578,36.86333465576172,push,21,2025-11-18T12:12:20.372844,my_hand_data\videos\push_seq21_20251118_121218_848085.avi,89.55412122468752,360,90,HIGH,VIDEO_RECORDING,2025-11-18T12:12:22.935051
2025-11-18 12:12:20.404532,138,302,HandType.Right,0.8474216461181641,-28.670724868774414,169.07444763183594,67.38040924072266,-0.07831785827875137,-0.9787759780883789,-0.18937751650810242,-97.95458984375,-0.5092013478279114,-75.86709594726562,0.0,0.19749599695205688,42.231693267822266,0,1,1,1,1,-73.21442413330078,135.3978271484375,74.88140106201172,-99.84226989746094,147.1664581298828,35.24941635131836,push,21,2025-11-18T12:12:20.404532,my_hand_data\videos\push_seq21_20251118_121218_848085.avi,89.55412122468752,360,90,HIGH,VIDEO_RECORDING,2025-11-18T12:12:22.935051
2025-11-18 12:12:20.410677,139,302,HandType.Right,0.8474216461181641,-28.670724868774414,169.07444763183594,67.38040924072266,-0.07831785827875137,-0.9787759780883789,-0.18937751650810242,-97.95458984375,-0.5092013478279114,-75.86709594726562,0.0,0.19749599695205688,42.231693267822266,0,1,1,1,1,-73.21442413330078,135.3978271484375,74.88140106201172,-99.84226989746094,147.1664581298828,35.24941635131836,push,21,2025-11-18T12:12:20.410677,my_hand_data\videos\push_seq21_20251118_121218_848085.avi,89.55412122468752,360,90,HIGH,VIDEO_RECORDING,2025-11-18T12:12:22.935051
2025-11-18 12:12:20.410677,140,302,HandType.Right,0.8476698994636536,-29.77804183959961,169.0254669189453,66.51952362060547,-0.07773100584745407,-0.9786989092826843,-0.1900167465209961,-98.94711303710938,-4.376368522644043,-76.92719268798828,0.0,0.198001891374588,42.24381637573242,0,1,1,1,1,-74.25862884521484,135.28648376464844,74.0068588256836,-100.8943099975586,147.0639190673828,34.39208984375,push,21,2025-11-18T12:12:20.410677,my_hand_data\videos\push_seq21_20251118_121218_848085.avi,89.55412122468752,360,90,HIGH,VIDEO_RECORDING,2025-11-18T12:12:22.935051
2025-11-18 12:12:20.422666,141,302,HandType.Right,0.8485197424888611,-30.91301918029785,168.97886657714844,65.7386703491211,-0.07710473984479904,-0.9786839485168457,-0.19034859538078308,-101.72774505615234,-4.176949501037598,-69.98710632324219,0.0,0.1993212252855301,42.257442474365234,0,1,1,1,1,-75.26374053955078,135.1342315673828,73.17240142822266,-101.93455505371094,146.93307495117188,33.63308334350586,push,21,2025-11-18T12:12:20.422666,my_hand_data\videos\push_seq21_20251118_121218_848085.avi,89.55412122468752,360,90,HIGH,VIDEO_RECORDING,2025-11-18T12:12:22.935051
2025-11-18 12:12:20.436335,142,302,HandType.Right,0.8485197424888611,-30.91301918029785,168.97886657714844,65.7386703491211,-0.07710473984479904,-0.9786839485168457,-0.19034859538078308,-101.72774505615234,-4.176949501037598,-69.98710632324219,0.0,0.1993212252855301,42.257442474365234,0,1,1,1,1,-75.26374053955078,135.1342315673828,73.17240142822266,-101.93455505371094,146.93307495117188,33.63308334350586,push,21,2025-11-18T12:12:20.436335,my_hand_data\videos\push_seq21_20251118_121218_848085.avi,89.55412122468752,360,90,HIGH,VIDEO_RECORDING,2025-11-18T12:12:22.935051
2025-11-18 12:12:20.452152,143,302,HandType.Right,0.8499579429626465,-33.12490463256836,168.7827606201172,64.14588165283203,-0.07434828579425812,-0.9787737131118774,-0.19098268449306488,-104.33364868164062,-9.693563461303711,-77.26685333251953,0.0,0.20145344734191895,42.24190902709961,0,1,1,1,1,-77.35303497314453,134.82162475585938,71.52784729003906,-104.07795715332031,146.58494567871094,32.0861701965332,push,21,2025-11-18T12:12:20.452152,my_hand_data\videos\push_seq21_20251118_121218_848085.avi,89.55412122468752,360,90,HIGH,VIDEO_RECORDING,2025-11-18T12:12:22.935051
2025-11-18 12:12:20.456169,144,302,HandType.Right,0.8507221341133118,-34.19486999511719,168.67942810058594,63.33781814575195,-0.07308119535446167,-0.9787395596504211,-0.19164545834064484,-93.48747253417969,-9.02901554107666,-70.60415649414062,0.0,0.19929590821266174,42.30537033081055,0,1,1,1,1,-78.33729553222656,134.71475219726562,70.7409439086914,-105.22348022460938,146.53445434570312,31.31733512878418,push,21,2025-11-18T12:12:20.456169,my_hand_data\videos\push_seq21_20251118_121218_848085.avi,89.55412122468752,360,90,HIGH,VIDEO_RECORDING,2025-11-18T12:12:22.935051
2025-11-18 12:12:20.484314,145,302,HandType.Right,0.8530094623565674,-36.415645599365234,168.58242797851562,61.64212417602539,-0.06960488110780716,-0.9785404205322266,-0.1939428448677063,-106.10948181152344,2.542180299758911,-77.81940460205078,0.0,0.1967332363128662,42.44683837890625,0,1,1,1,1,-80.31008911132812,134.55641174316406,69.10649108886719,-107.3740005493164,146.40802001953125,29.669401168823242,push,21,2025-11-18T12:12:20.484314,my_hand_data\videos\push_seq21_20251118_121218_848085.avi,89.55412122468752,360,90,HIGH,VIDEO_RECORDING,2025-11-18T12:12:22.935051
2025-11-18 12:12:20.490339,146,302,HandType.Right,0.8530094623565674,-36.415645599365234,168.58242797851562,61.64212417602539,-0.06960488110780716,-0.9785404205322266,-0.1939428448677063,-106.10948181152344,2.542180299758911,-77.81940460205078,0.0,0.1967332363128662,42.44683837890625,0,1,1,1,1,-80.31008911132812,134.55641174316406,69.10649108886719,-107.3740005493164,146.40802001953125,29.669401168823242,push,21,2025-11-18T12:12:20.490339,my_hand_data\videos\push_seq21_20251118_121218_848085.avi,89.55412122468752,360,90,HIGH,VIDEO_RECORDING,2025-11-18T12:12:22.935051
2025-11-18 12:12:20.490339,147,302,HandType.Right,0.8542547821998596,-37.524818420410156,168.58572387695312,60.780113220214844,-0.06801433861255646,-0.9784558415412903,-0.19493144750595093,-98.20878601074219,0.2913740575313568,-76.32459259033203,0.0,0.19340026378631592,42.583370208740234,0,1,1,1,1,-81.28888702392578,134.47845458984375,68.27945709228516,-108.49459838867188,146.42352294921875,28.80401611328125,push,21,2025-11-18T12:12:20.490339,my_hand_data\videos\push_seq21_20251118_121218_848085.avi,89.55412122468752,360,90,HIGH,VIDEO_RECORDING,2025-11-18T12:12:22.935051
2025-11-18 12:12:20.500196,148,302,HandType.Right,0.8556851744651794,-38.61685562133789,168.64305114746094,59.95362091064453,-0.06656476855278015,-0.978242039680481,-0.19649842381477356,-96.99269104003906,5.0912652015686035,-73.4072265625,0.0,0.19123826920986176,42.67042541503906,0,1,1,1,1,-82.31366729736328,134.53005981445312,67.54273223876953,-109.5847396850586,146.47235107421875,27.995262145996094,push,21,2025-11-18T12:12:20.500196,my_hand_data\videos\push_seq21_20251118_121218_848085.avi,89.55412122468752,360,90,HIGH,VIDEO_RECORDING,2025-11-18T12:12:22.935051
2025-11-18 12:12:20.516367,149,302,HandType.Right,0.8566875457763672,-39.69643783569336,168.69224548339844,59.14975357055664,-0.06497755646705627,-0.9780440330505371,-0.1980094611644745,-99.27172088623047,4.524108409881592,-73.91898345947266,0.0,0.18980541825294495,42.741455078125,0,1,1,1,1,-83.27955627441406,134.55593872070312,66.78584289550781,-110.6507797241211,146.48719787597656,27.219362258911133,push,21,2025-11-18T12:12:20.516367,my_hand_data\videos\push_seq21_20251118_121218_848085.avi,89.55412122468752,360,90,HIGH,VIDEO_RECORDING,2025-11-18T12:12:22.935051
2025-11-18 12:12:20.532415,150,302,HandType.Right,0.857700526714325,-40.752532958984375,168.72769165039062,58.346744537353516,-0.06281793117523193,-0.9777308702468872,-0.2002403736114502,-92.17891693115234,3.094438314437866,-70.08882141113281,0.0,0.18820513784885406,42.827415466308594,0,1,1,1,1,-84.2509536743164,134.53131103515625,66.03075408935547,-111.71475982666016,146.50784301757812,26.448495864868164,push,21,2025-11-18T12:12:20.532415,my_hand_data\videos\push_seq21_20251118_121218_848085.avi,89.55412122468752,360,90,HIGH,VIDEO_RECORDING,2025-11-18T12:12:22.935051
2025-11-18 12:12:20.532415,151,302,HandType.Right,0.8584693074226379,-41.842655181884766,168.7730712890625,57.5234375,-0.06124693527817726,-0.9775804877281189,-0.2014576941728592,-102.10989379882812,4.24988317489624,-77.11760711669922,0.0,0.18641643226146698,42.911136627197266,0,1,1,1,1,-85.27299499511719,134.53892517089844,65.26951599121094,-112.82681274414062,146.5546875,25.659740447998047,push,21,2025-11-18T12:12:20.532415,my_hand_data\videos\push_seq21_20251118_121218_848085.avi,89.55412122468752,360,90,HIGH,VIDEO_RECORDING,2025-11-18T12:12:22.935051
2025-11-18 12:12:20.548158,152,302,HandType.Right,0.8592822551727295,-42.933494567871094,168.7690887451172,56.6810417175293,-0.059338536113500595,-0.9774442315101624,-0.20268632471561432,-96.1768569946289,-0.35051828622817993,-74.2721939086914,0.0,0.18483002483844757,42.977294921875,0,1,1,1,1,-86.31964111328125,134.50462341308594,64.48280334472656,-113.93506622314453,146.5308380126953,24.824872970581055,push,21,2025-11-18T12:12:20.548158,my_hand_data\videos\push_seq21_20251118_121218_848085.avi,89.55412122468752,360,90,HIGH,VIDEO_RECORDING,2025-11-18T12:12:22.935051
2025-11-18 12:12:20.563879,153,302,HandType.Right,0.8607845902442932,-44.01887512207031,168.7591094970703,55.861324310302734,-0.056904200464487076,-0.977479100227356,-0.2032153159379959,-99.17582702636719,-0.9124987125396729,-74.90107727050781,0.0,0.18315880000591278,43.05085372924805,0,1,1,1,1,-87.32079315185547,134.4591522216797,63.69440841674805,-115.01739501953125,146.506103515625,23.999183654785156,push,21,2025-11-18T12:12:20.563879,my_hand_data\videos\push_seq21_20251118_121218_848085.avi,89.55412122468752,360,90,HIGH,VIDEO_RECORDING,2025-11-18T12:12:22.935051
2025-11-18 12:12:20.563879,154,302,HandType.Right,0.861329972743988,-45.15587615966797,168.7815399169922,54.99304962158203,-0.05534707382321358,-0.9776045083999634,-0.20304206013679504,-102.45104217529297,2.0211024284362793,-78.23715209960938,0.0,0.18158766627311707,43.119056701660156,0,1,1,1,1,-88.41523742675781,134.46519470214844,62.87379455566406,-116.17720031738281,146.53900146484375,23.135940551757812,push,21,2025-11-18T12:12:20.563879,my_hand_data\videos\push_seq21_20251118_121218_848085.avi,89.55412122468752,360,90,HIGH,VIDEO_RECORDING,2025-11-18T12:12:22.935051
2025-11-18 12:12:20.579880,155,302,HandType.Right,0.8626303672790527,-46.24998474121094,168.78488159179688,54.14613723754883,-0.054040294140577316,-0.9778822064399719,-0.20205456018447876,-100.97908020019531,0.3089336156845093,-78.16424560546875,0.0,0.1804291158914566,43.16883850097656,0,1,1,1,1,-89.46919250488281,134.4597625732422,62.072113037109375,-117.319091796875,146.5304718017578,22.31984519958496,push,21,2025-11-18T12:12:20.579880,my_hand_data\videos\push_seq21_20251118_121218_848085.avi,89.55412122468752,360,90,HIGH,VIDEO_RECORDING,2025-11-18T12:12:22.935051
2025-11-18 12:12:20.595252,156,302,HandType.Right,0.863372266292572,-47.37505340576172,168.79331970214844,53.28121566772461,-0.05261252820491791,-0.9781434535980225,-0.20116488635540009,-98.13080596923828,0.7360556125640869,-75.4404296875,0.0,0.17749445140361786,43.28330993652344,0,1,1,1,1,-90.54720306396484,134.38966369628906,61.229061126708984,-118.57498168945312,146.6111297607422,21.489654541015625,push,21,2025-11-18T12:12:20.595252,my_hand_data\videos\push_seq21_20251118_121218_848085.avi,89.55412122468752,360,90,HIGH,VIDEO_RECORDING,2025-11-18T12:12:22.935051
2025-11-18 12:12:20.611404,157,302,HandType.Right,0.8644945025444031,-49.61814498901367,168.94161987304688,51.5546875,-0.0499131977558136,-0.9786778092384338,-0.19924470782279968,-104.1164779663086,7.551214218139648,-80.27959442138672,0.0,0.17233134806156158,43.523216247558594,0,1,1,1,1,-92.59414672851562,134.34530639648438,59.585689544677734,-120.88162994384766,146.7704315185547,19.81109046936035,push,21,2025-11-18T12:12:20.611404,my_hand_data\videos\push_seq21_20251118_121218_848085.avi,89.55412122468752,360,90,HIGH,VIDEO_RECORDING,2025-11-18T12:12:22.935051
2025-11-18 12:12:20.617442,158,302,HandType.Right,0.8644945025444031,-49.61814498901367,168.94161987304688,51.5546875,-0.0499131977558136,-0.9786778092384338,-0.19924470782279968,-104.1164779663086,7.551214218139648,-80.27959442138672,0.0,0.17233134806156158,43.523216247558594,0,1,1,1,1,-92.59414672851562,134.34530639648438,59.585689544677734,-120.88162994384766,146.7704315185547,19.81109046936035,push,21,2025-11-18T12:12:20.617442,my_hand_data\videos\push_seq21_20251118_121218_848085.avi,89.55412122468752,360,90,HIGH,VIDEO_RECORDING,2025-11-18T12:12:22.935051
2025-11-18 12:12:20.623587,159,302,HandType.Right,0.8644945025444031,-49.61814498901367,168.94161987304688,51.5546875,-0.0499131977558136,-0.9786778092384338,-0.19924470782279968,-104.1164779663086,7.551214218139648,-80.27959442138672,0.0,0.17233134806156158,43.523216247558594,0,1,1,1,1,-92.59414672851562,134.34530639648438,59.585689544677734,-120.88162994384766,146.7704315185547,19.81109046936035,push,21,2025-11-18T12:12:20.623587,my_hand_data\videos\push_seq21_20251118_121218_848085.avi,89.55412122468752,360,90,HIGH,VIDEO_RECORDING,2025-11-18T12:12:22.935051
2025-11-18 12:12:20.643008,160,302,HandType.Right,0.8662320971488953,-51.87381362915039,169.01393127441406,49.874755859375,-0.04667075723409653,-0.9791200757026672,-0.19785277545452118,-100.64250183105469,0.05694463849067688,-75.20380401611328,0.0,0.166940376162529,43.777069091796875,0,1,1,1,1,-94.64520263671875,134.14581298828125,57.914825439453125,-123.30509948730469,146.93942260742188,18.23085594177246,push,21,2025-11-18T12:12:20.643008,my_hand_data\videos\push_seq21_20251118_121218_848085.avi,89.55412122468752,360,90,HIGH,VIDEO_RECORDING,2025-11-18T12:12:22.935051
2025-11-18 12:12:20.643008,161,302,HandType.Right,0.8668123483657837,-52.975120544433594,169.02224731445312,48.99352264404297,-0.044628243893384933,-0.979289174079895,-0.1974867731332779,-99.10980987548828,0.7478222250938416,-79.30474090576172,0.0,0.1640760451555252,43.88021469116211,0,1,1,1,1,-95.66912078857422,134.10409545898438,57.07579803466797,-124.48687744140625,146.98825073242188,17.378616333007812,push,21,2025-11-18T12:12:20.643008,my_hand_data\videos\push_seq21_20251118_121218_848085.avi,89.55412122468752,360,90,HIGH,VIDEO_RECORDING,2025-11-18T12:12:22.935051
2025-11-18 12:12:20.658986,162,302,HandType.Right,0.8680599927902222,-54.11284637451172,169.04551696777344,48.142398834228516,-0.04216162860393524,-0.9795844554901123,-0.19656217098236084,-102.59929656982422,2.098212242126465,-76.75360870361328,0.0,0.1591971069574356,44.02472686767578,0,1,1,1,1,-96.7286148071289,134.04429626464844,56.28733825683594,-125.79142761230469,147.08779907226562,16.57305335998535,push,21,2025-11-18T12:12:20.658986,my_hand_data\videos\push_seq21_20251118_121218_848085.avi,89.55412122468752,360,90,HIGH,VIDEO_RECORDING,2025-11-18T12:12:22.935051
2025-11-18 12:12:20.675189,163,302,HandType.Right,0.8686811923980713,-55.239437103271484,169.07125854492188,47.251033782958984,-0.04036518186330795,-0.9799420237541199,-0.19515183568000793,-100.8496322631836,2.3051187992095947,-79.7929916381836,0.0,0.15348713099956512,44.240257263183594,0,1,1,1,1,-97.73115539550781,133.8842010498047,55.455177307128906,-127.03421783447266,147.17190551757812,15.714548110961914,push,21,2025-11-18T12:12:20.675189,my_hand_data\videos\push_seq21_20251118_121218_848085.avi,89.55412122468752,360,90,HIGH,VIDEO_RECORDING,2025-11-18T12:12:22.935051
2025-11-18 12:12:20.675189,164,302,HandType.Right,0.8691126108169556,-56.369205474853516,169.07260131835938,46.32016372680664,-0.03845721855759621,-0.9801546931266785,-0.1944679319858551,-100.93535614013672,0.11972519010305405,-83.1651611328125,0.0,0.15047673881053925,44.33194351196289,0,1,1,1,1,-98.78656005859375,133.8456573486328,54.5928955078125,-128.2595977783203,147.19285583496094,14.841650009155273,push,21,2025-11-18T12:12:20.675189,my_hand_data\videos\push_seq21_20251118_121218_848085.avi,89.55412122468752,360,90,HIGH,VIDEO_RECORDING,2025-11-18T12:12:22.935051
2025-11-18 12:12:20.691153,165,302,HandType.Right,0.8698712587356567,-57.454734802246094,169.07891845703125,45.42608642578125,-0.03704110532999039,-0.9804205894470215,-0.1933995634317398,-95.7677993774414,0.5576979517936707,-78.87783813476562,0.0,0.14578640460968018,44.47515869140625,0,1,1,1,1,-99.79847717285156,133.79490661621094,53.773067474365234,-129.48854064941406,147.27114868164062,13.99122142791748,push,21,2025-11-18T12:12:20.691153,my_hand_data\videos\push_seq21_20251118_121218_848085.avi,89.55412122468752,360,90,HIGH,VIDEO_RECORDING,2025-11-18T12:12:22.935051
2025-11-18 12:12:20.706873,166,302,HandType.Right,0.8702264428138733,-58.518070220947266,169.08433532714844,44.52114486694336,-0.0360184870660305,-0.9805822968482971,-0.19277194142341614,-99.75959014892578,0.5080086588859558,-84.89895629882812,0.0,0.1409877985715866,44.638675689697266,0,1,1,1,1,-100.79415130615234,133.75572204589844,52.91097640991211,-130.68814086914062,147.46080017089844,13.116646766662598,push,21,2025-11-18T12:12:20.706873,my_hand_data\videos\push_seq21_20251118_121218_848085.avi,89.55412122468752,360,90,HIGH,VIDEO_RECORDING,2025-11-18T12:12:22.935051
2025-11-18 12:12:20.708883,167,302,HandType.Right,0.8706478476524353,-59.60047912597656,169.15858459472656,43.623531341552734,-0.03534704074263573,-0.9806292653083801,-0.19265735149383545,-96.68682098388672,6.631686687469482,-80.18011474609375,0.0,0.1381993144750595,44.76826477050781,0,1,1,1,1,-101.75879669189453,133.72515869140625,52.041866302490234,-131.8188934326172,147.57077026367188,12.269295692443848,push,21,2025-11-18T12:12:20.708883,my_hand_data\videos\push_seq21_20251118_121218_848085.avi,89.55412122468752,360,90,HIGH,VIDEO_RECORDING,2025-11-18T12:12:22.935051
2025-11-18 12:12:20.738720,168,302,HandType.Right,0.8714456558227539,-61.561431884765625,169.182373046875,41.7757453918457,-0.03476274386048317,-0.980806827545166,-0.1918579638004303,-86.42253112792969,3.9766578674316406,-83.0749740600586,0.0,0.13318736851215363,45.02024841308594,0,1,1,1,1,-103.51651763916016,133.54527282714844,50.2071418762207,-133.85243225097656,147.69277954101562,10.476927757263184,push,21,2025-11-18T12:12:20.738720,my_hand_data\videos\push_seq21_20251118_121218_848085.avi,89.55412122468752,360,90,HIGH,VIDEO_RECORDING,2025-11-18T12:12:22.935051
2025-11-18 12:12:20.742736,169,302,HandType.Right,0.8714456558227539,-61.561431884765625,169.182373046875,41.7757453918457,-0.03476274386048317,-0.980806827545166,-0.1918579638004303,-86.42253112792969,3.9766578674316406,-83.0749740600586,0.0,0.13318736851215363,45.02024841308594,0,1,1,1,1,-103.51651763916016,133.54527282714844,50.2071418762207,-133.85243225097656,147.69277954101562,10.476927757263184,push,21,2025-11-18T12:12:20.742736,my_hand_data\videos\push_seq21_20251118_121218_848085.avi,89.55412122468752,360,90,HIGH,VIDEO_RECORDING,2025-11-18T12:12:22.935051
2025-11-18 12:12:20.750987,170,302,HandType.Right,0.8711076378822327,-62.47827911376953,169.2492218017578,40.80466079711914,-0.034981515258550644,-0.9810593128204346,-0.19052264094352722,-82.36888122558594,6.0056915283203125,-87.24134826660156,0.0,0.1307688057422638,45.140785217285156,0,1,1,1,1,-104.357421875,133.49217224121094,49.22565841674805,-134.8148956298828,147.81593322753906,9.520344734191895,push,21,2025-11-18T12:12:20.750987,my_hand_data\videos\push_seq21_20251118_121218_848085.avi,89.55412122468752,360,90,HIGH,VIDEO_RECORDING,2025-11-18T12:12:22.935051
2025-11-18 12:12:20.756839,171,302,HandType.Right,0.8711076378822327,-62.47827911376953,169.2492218017578,40.80466079711914,-0.034981515258550644,-0.9810593128204346,-0.19052264094352722,-82.36888122558594,6.0056915283203125,-87.24134826660156,0.0,0.1307688057422638,45.140785217285156,0,1,1,1,1,-104.357421875,133.49217224121094,49.22565841674805,-134.8148956298828,147.81593322753906,9.520344734191895,push,21,2025-11-18T12:12:20.756839,my_hand_data\videos\push_seq21_20251118_121218_848085.avi,89.55412122468752,360,90,HIGH,VIDEO_RECORDING,2025-11-18T12:12:22.935051
2025-11-18 12:12:20.770550,172,302,HandType.Right,0.8718664050102234,-64.28115844726562,169.2340850830078,38.75127029418945,-0.03439665958285332,-0.9811102151870728,-0.19036708772182465,-79.98214721679688,-0.9967100024223328,-95.25861358642578,0.0,0.12946397066116333,45.260986328125,0,1,1,1,1,-106.13304138183594,133.333251953125,47.11911392211914,-136.6681365966797,147.9609832763672,7.487066268920898,push,21,2025-11-18T12:12:20.770550,my_hand_data\videos\push_seq21_20251118_121218_848085.avi,89.55412122468752,360,90,HIGH,VIDEO_RECORDING,2025-11-18T12:12:22.935051
2025-11-18 12:12:20.786694,173,302,HandType.Right,0.8717435598373413,-65.20612335205078,169.19285583496094,37.695796966552734,-0.034025583416223526,-0.9810265898704529,-0.19086399674415588,-83.95038604736328,-3.742479085922241,-95.7952880859375,0.0,0.1275089681148529,45.36834716796875,0,1,1,1,1,-106.97567749023438,133.21926879882812,46.048885345458984,-137.5751495361328,147.9850616455078,6.409347057342529,push,21,2025-11-18T12:12:20.786694,my_hand_data\videos\push_seq21_20251118_121218_848085.avi,89.55412122468752,360,90,HIGH,VIDEO_RECORDING,2025-11-18T12:12:22.935051
2025-11-18 12:12:20.786694,174,302,HandType.Right,0.8715621829032898,-66.07744598388672,169.2467041015625,36.67277908325195,-0.033943090587854385,-0.9811409711837769,-0.19028989970684052,-78.03402709960938,4.8233232498168945,-91.61901092529297,0.0,0.12412649393081665,45.50233840942383,0,1,1,1,1,-107.76640319824219,133.1674346923828,45.000160217285156,-138.46243286132812,148.11083984375,5.327492713928223,push,21,2025-11-18T12:12:20.786694,my_hand_data\videos\push_seq21_20251118_121218_848085.avi,89.55412122468752,360,90,HIGH,VIDEO_RECORDING,2025-11-18T12:12:22.935051
2025-11-18 12:12:20.802525,175,302,HandType.Right,0.8713149428367615,-66.96984100341797,169.24278259277344,35.6494026184082,-0.033590640872716904,-0.9812436699867249,-0.1898224800825119,-81.85564422607422,-0.36023661494255066,-93.87055206298828,0.0,0.1203281432390213,45.629058837890625,0,1,1,1,1,-108.5849609375,133.0772247314453,43.95048522949219,-139.41098022460938,148.18798828125,4.245963096618652,push,21,2025-11-18T12:12:20.802525,my_hand_data\videos\push_seq21_20251118_121218_848085.avi,89.55412122468752,360,90,HIGH,VIDEO_RECORDING,2025-11-18T12:12:22.935051
2025-11-18 12:12:20.818318,176,302,HandType.Right,0.8708436489105225,-67.80358123779297,169.2342529296875,34.63683319091797,-0.0332782045006752,-0.9812793731689453,-0.18969276547431946,-74.50115966796875,-0.7619224786758423,-90.48051452636719,0.0,0.11505033075809479,45.75059127807617,0,1,1,1,1,-109.36592102050781,133.0347900390625,42.91924285888672,-140.37368774414062,148.27989196777344,3.143239736557007,push,21,2025-11-18T12:12:20.818318,my_hand_data\videos\push_seq21_20251118_121218_848085.avi,89.55412122468752,360,90,HIGH,VIDEO_RECORDING,2025-11-18T12:12:22.935051
2025-11-18 12:12:20.818318,177,302,HandType.Right,0.8705292344093323,-68.65711212158203,169.26438903808594,33.62782669067383,-0.03303135931491852,-0.9813063144683838,-0.18959659337997437,-76.50186920166016,2.7002525329589844,-90.43714141845703,0.0,0.10879449546337128,45.922908782958984,0,1,1,1,1,-110.0931625366211,133.01156616210938,41.89150619506836,-141.39865112304688,148.44627380371094,2.1141767501831055,push,21,2025-11-18T12:12:20.818318,my_hand_data\videos\push_seq21_20251118_121218_848085.avi,89.55412122468752,360,90,HIGH,VIDEO_RECORDING,2025-11-18T12:12:22.935051
2025-11-18 12:12:20.834454,178,302,HandType.Right,0.8705292344093323,-68.65711212158203,169.26438903808594,33.62782669067383,-0.03303135931491852,-0.9813063144683838,-0.18959659337997437,-76.50186920166016,2.7002525329589844,-90.43714141845703,0.0,0.10879449546337128,45.922908782958984,0,1,1,1,1,-110.0931625366211,133.01156616210938,41.89150619506836,-141.39865112304688,148.44627380371094,2.1141767501831055,push,21,2025-11-18T12:12:20.834454,my_hand_data\videos\push_seq21_20251118_121218_848085.avi,89.55412122468752,360,90,HIGH,VIDEO_RECORDING,2025-11-18T12:12:22.935051
2025-11-18 12:12:20.850527,179,302,HandType.Right,0.8706799745559692,-70.33185577392578,169.2394256591797,31.636760711669922,-0.03143874555826187,-0.9810660481452942,-0.1911047250032425,-74.63727569580078,-0.7478264570236206,-91.26805877685547,0.0,0.09575241059064865,46.2703857421875,0,1,1,1,1,-111.63623809814453,132.9276580810547,39.878055572509766,-143.41795349121094,148.96043395996094,0.0721663236618042,push,21,2025-11-18T12:12:20.850527,my_hand_data\videos\push_seq21_20251118_121218_848085.avi,89.55412122468752,360,90,HIGH,VIDEO_RECORDING,2025-11-18T12:12:22.935051
2025-11-18 12:12:20.865862,180,302,HandType.Right,0.8701944947242737,-71.15172576904297,169.24583435058594,30.61664390563965,-0.03179340064525604,-0.9809702634811401,-0.19153718650341034,-72.55522155761719,0.5665245652198792,-90.27582550048828,0.0,0.09638707339763641,46.273616790771484,0,1,1,1,1,-112.4480972290039,133.00750732421875,38.87760925292969,-144.1707763671875,149.01573181152344,-0.9614043235778809,push,21,2025-11-18T12:12:20.865862,my_hand_data\videos\push_seq21_20251118_121218_848085.avi,89.55412122468752,360,90,HIGH,VIDEO_RECORDING,2025-11-18T12:12:22.935051
2025-11-18 12:12:20.873860,181,302,HandType.Right,0.8700805902481079,-71.93988800048828,169.21533203125,29.593332290649414,-0.0324300192296505,-0.9808160662651062,-0.192219078540802,-71.7616195678711,-2.776845693588257,-93.17219543457031,0.0,0.0890650823712349,46.53723907470703,0,1,1,1,1,-113.08704376220703,132.9630889892578,37.86050796508789,-145.00906372070312,149.3580780029297,-2.022996425628662,push,21,2025-11-18T12:12:20.873860,my_hand_data\videos\push_seq21_20251118_121218_848085.avi,89.55412122468752,360,90,HIGH,VIDEO_RECORDING,2025-11-18T12:12:22.935051
2025-11-18 12:12:20.883674,182,302,HandType.Right,0.8699535727500916,-72.69035339355469,169.19357299804688,28.523298263549805,-0.03349878638982773,-0.9807129502296448,-0.19256149232387543,-67.60968780517578,-1.9602724313735962,-96.39958953857422,0.0,0.08417420834302902,46.67036056518555,0,1,1,1,1,-113.79007720947266,133.00672912597656,36.84310531616211,-145.7437286376953,149.4747772216797,-3.2305493354797363,push,21,2025-11-18T12:12:20.883674,my_hand_data\videos\push_seq21_20251118_121218_848085.avi,89.55412122468752,360,90,HIGH,VIDEO_RECORDING,2025-11-18T12:12:22.935051
2025-11-18 12:12:20.897582,183,302,HandType.Right,0.8693535327911377,-73.44835662841797,169.2019805908203,27.451704025268555,-0.035751014947891235,-0.9805662631988525,-0.19290339946746826,-67.8723373413086,0.752566933631897,-95.95219421386719,0.0,0.07977330684661865,46.82231521606445,0,1,1,1,1,-114.51868438720703,133.06658935546875,35.82460403442383,-146.4873504638672,149.686279296875,-4.393238544464111,push,21,2025-11-18T12:12:20.897582,my_hand_data\videos\push_seq21_20251118_121218_848085.avi,89.55412122468752,360,90,HIGH,VIDEO_RECORDING,2025-11-18T12:12:22.935051
2025-11-18 12:12:20.897582,184,302,HandType.Right,0.8686615228652954,-74.21165466308594,169.19699096679688,26.388824462890625,-0.03771911934018135,-0.9804864525794983,-0.19293417036533356,-69.30939483642578,-0.45271164178848267,-96.5112533569336,0.0,0.0732174813747406,47.034236907958984,0,1,1,1,1,-115.15885925292969,133.0650634765625,34.801719665527344,-147.27685546875,149.86151123046875,-5.547316551208496,push,21,2025-11-18T12:12:20.897582,my_hand_data\videos\push_seq21_20251118_121218_848085.avi,89.55412122468752,360,90,HIGH,VIDEO_RECORDING,2025-11-18T12:12:22.935051
2025-11-18 12:12:20.913677,185,302,HandType.Right,0.8685860633850098,-75.03966522216797,169.19688415527344,25.380897521972656,-0.0401415079832077,-0.9799365401268005,-0.19522547721862793,-74.96710205078125,-0.010225668549537659,-91.2564697265625,0.0,0.0699324831366539,47.14550018310547,0,1,1,1,1,-115.94660949707031,133.16629028320312,33.78861999511719,-148.09780883789062,150.08314514160156,-6.648581504821777,push,21,2025-11-18T12:12:20.913677,my_hand_data\videos\push_seq21_20251118_121218_848085.avi,89.55412122468752,360,90,HIGH,VIDEO_RECORDING,2025-11-18T12:12:22.935051
2025-11-18 12:12:20.929322,186,302,HandType.Right,0.8684840798377991,-75.83120727539062,169.19412231445312,24.379138946533203,-0.042464688420295715,-0.9796050190925598,-0.19639432430267334,-69.33006286621094,-0.2410765439271927,-87.74275970458984,0.0,0.07376450300216675,46.9953727722168,0,1,1,1,1,-116.82373809814453,133.4718780517578,32.76303482055664,-148.7197723388672,150.0825653076172,-7.822176456451416,push,21,2025-11-18T12:12:20.929322,my_hand_data\videos\push_seq21_20251118_121218_848085.avi,89.55412122468752,360,90,HIGH,VIDEO_RECORDING,2025-11-18T12:12:22.935051
2025-11-18 12:12:20.929322,187,302,HandType.Right,0.8684840798377991,-75.83120727539062,169.19412231445312,24.379138946533203,-0.042464688420295715,-0.9796050190925598,-0.19639432430267334,-69.33006286621094,-0.2410765439271927,-87.74275970458984,0.0,0.07376450300216675,46.9953727722168,0,1,1,1,1,-116.82373809814453,133.4718780517578,32.76303482055664,-148.7197723388672,150.0825653076172,-7.822176456451416,push,21,2025-11-18T12:12:20.929322,my_hand_data\videos\push_seq21_20251118_121218_848085.avi,89.55412122468752,360,90,HIGH,VIDEO_RECORDING,2025-11-18T12:12:22.935051
2025-11-18 12:12:20.945424,188,302,HandType.Right,0.86793452501297,-77.49649047851562,169.2655029296875,22.368772506713867,-0.046111591160297394,-0.9793394207954407,-0.19689592719078064,-77.42754364013672,3.806191921234131,-87.70381927490234,0.0,0.07202201336622238,47.01852035522461,0,1,1,1,1,-118.52057647705078,133.71990966796875,30.674293518066406,-150.28195190429688,150.27169799804688,-10.133186340332031,push,21,2025-11-18T12:12:20.945424,my_hand_data\videos\push_seq21_20251118_121218_848085.avi,89.55412122468752,360,90,HIGH,VIDEO_RECORDING,2025-11-18T12:12:22.935051
2025-11-18 12:12:20.961526,189,302,HandType.Right,0.8676655888557434,-78.41080474853516,169.29087829589844,21.38013458251953,-0.04708467423915863,-0.9791537523269653,-0.19758781790733337,-81.67139434814453,2.26655912399292,-88.31069946289062,0.0,0.0697600245475769,47.05604553222656,0,1,1,1,1,-119.41153717041016,133.83871459960938,29.634368896484375,-151.25633239746094,150.43153381347656,-11.2008056640625,push,21,2025-11-18T12:12:20.961526,my_hand_data\videos\push_seq21_20251118_121218_848085.avi,89.55412122468752,360,90,HIGH,VIDEO_RECORDING,2025-11-18T12:12:22.935051
2025-11-18 12:12:20.977585,190,302,HandType.Right,0.867129921913147,-79.31620025634766,169.4037322998047,20.4218807220459,-0.047976817935705185,-0.979085385799408,-0.19771188497543335,-81.19429779052734,10.120595932006836,-85.93423461914062,0.0,0.07112003862857819,47.006351470947266,0,1,1,1,1,-120.31349182128906,134.0487823486328,28.676223754882812,-152.07603454589844,150.4114532470703,-12.249631881713867,push,21,2025-11-18T12:12:20.977585,my_hand_data\videos\push_seq21_20251118_121218_848085.avi,89.55412122468752,360,90,HIGH,VIDEO_RECORDING,2025-11-18T12:12:22.935051
2025-11-18 12:12:20.977585,191,302,HandType.Right,0.8664883971214294,-80.19905090332031,169.498046875,19.45186996459961,-0.04907200485467911,-0.9790271520614624,-0.19773152470588684,-79.90301513671875,8.536141395568848,-87.79183959960938,0.0,0.0689084380865097,47.07728576660156,0,1,1,1,1,-121.12091827392578,134.1381378173828,27.72618865966797,-152.90451049804688,150.3955078125,-13.330819129943848,push,21,2025-11-18T12:12:20.977585,my_hand_data\videos\push_seq21_20251118_121218_848085.avi,89.55412122468752,360,90,HIGH,VIDEO_RECORDING,2025-11-18T12:12:22.935051
2025-11-18 12:12:20.993316,192,302,HandType.Right,0.8662331104278564,-81.06578826904297,169.54150390625,18.48485565185547,-0.05052689090371132,-0.9790703654289246,-0.19715037941932678,-76.97511291503906,3.859842538833618,-85.88050842285156,0.0,0.06477915495634079,47.18523406982422,0,1,1,1,1,-121.93222045898438,134.1667938232422,26.769062042236328,-153.82232666015625,150.45724487304688,-14.388717651367188,push,21,2025-11-18T12:12:20.993316,my_hand_data\videos\push_seq21_20251118_121218_848085.avi,89.55412122468752,360,90,HIGH,VIDEO_RECORDING,2025-11-18T12:12:22.935051
2025-11-18 12:12:21.009136,193,302,HandType.Right,0.8654174208641052,-81.95919799804688,169.5840606689453,17.53171157836914,-0.052543409168720245,-0.9790697693824768,-0.19662533700466156,-82.90715789794922,3.94935941696167,-88.45051574707031,0.0,0.06204584613442421,47.2475471496582,0,1,1,1,1,-122.74935150146484,134.2610321044922,25.856521606445312,-154.74554443359375,150.4824981689453,-15.375631332397461,push,21,2025-11-18T12:12:21.009136,my_hand_data\videos\push_seq21_20251118_121218_848085.avi,89.55412122468752,360,90,HIGH,VIDEO_RECORDING,2025-11-18T12:12:22.935051
2025-11-18 12:12:21.016529,194,302,HandType.Right,0.8649841547012329,-82.8860855102539,169.6253662109375,16.622892379760742,-0.05442824959754944,-0.9789562225341797,-0.19667810201644897,-84.43892669677734,3.7618768215179443,-82.79312133789062,0.0,0.0611703060567379,47.26885986328125,0,1,1,1,1,-123.63336181640625,134.37547302246094,24.970848083496094,-155.65196228027344,150.51576232910156,-16.314075469970703,push,21,2025-11-18T12:12:21.016529,my_hand_data\videos\push_seq21_20251118_121218_848085.avi,89.55412122468752,360,90,HIGH,VIDEO_RECORDING,2025-11-18T12:12:22.935051
2025-11-18 12:12:21.025155,195,302,HandType.Right,0.8637386560440063,-83.8455810546875,169.6832733154297,15.741533279418945,-0.05576116219162941,-0.9790177345275879,-0.19599731266498566,-85.03948211669922,5.1327805519104,-78.11386108398438,0.0,0.05876465141773224,47.32937240600586,0,1,1,1,1,-124.52006530761719,134.46853637695312,24.076318740844727,-156.6013641357422,150.56700134277344,-17.289953231811523,push,21,2025-11-18T12:12:21.025155,my_hand_data\videos\push_seq21_20251118_121218_848085.avi,89.55412122468752,360,90,HIGH,VIDEO_RECORDING,2025-11-18T12:12:22.935051
2025-11-18 12:12:21.041100,196,302,HandType.Right,0.8632950782775879,-84.8089370727539,169.77989196777344,14.86609935760498,-0.056941211223602295,-0.9790703654289246,-0.19539424777030945,-81.64704132080078,8.189085006713867,-74.19562530517578,0.0,0.05268428847193718,47.50554275512695,0,1,1,1,1,-125.31575775146484,134.57339477539062,23.1810245513916,-157.5840301513672,150.70706176757812,-18.319950103759766,push,21,2025-11-18T12:12:21.041100,my_hand_data\videos\push_seq21_20251118_121218_848085.avi,89.55412122468752,360,90,HIGH,VIDEO_RECORDING,2025-11-18T12:12:22.935051
2025-11-18 12:12:21.046223,197,302,HandType.Right,0.8630378842353821,-85.82705688476562,169.9292449951172,14.015558242797852,-0.05850634351372719,-0.9791118502616882,-0.19472287595272064,-95.49034118652344,14.008155822753906,-79.77312469482422,0.0,0.051530204713344574,47.6215705871582,0,1,1,1,1,-126.13904571533203,134.6717987060547,22.312273025512695,-158.43435668945312,150.7415313720703,-19.252422332763672,push,21,2025-11-18T12:12:21.046223,my_hand_data\videos\push_seq21_20251118_121218_848085.avi,89.55412122468752,360,90,HIGH,VIDEO_RECORDING,2025-11-18T12:12:22.935051
2025-11-18 12:12:21.072887,198,302,HandType.Right,0.8633383512496948,-87.76779174804688,170.0800018310547,12.232666969299316,-0.06060102581977844,-0.9791209101676941,-0.19403555989265442,-81.21607208251953,6.397120952606201,-74.44147491455078,0.0,0.04796309396624565,47.736473083496094,0,1,1,1,1,-127.8631362915039,134.7939910888672,20.413597106933594,-160.31405639648438,150.7931671142578,-21.242286682128906,push,21,2025-11-18T12:12:21.072887,my_hand_data\videos\push_seq21_20251118_121218_848085.avi,89.55412122468752,360,90,HIGH,VIDEO_RECORDING,2025-11-18T12:12:22.935051
2025-11-18 12:12:21.077056,199,302,HandType.Right,0.8624172806739807,-88.81370544433594,170.2429656982422,11.336248397827148,-0.061981137841939926,-0.9791555404663086,-0.1934238076210022,-101.14241790771484,15.75903034210205,-86.6859130859375,0.0,0.047347843647003174,47.78476333618164,0,1,1,1,1,-128.75355529785156,134.9276885986328,19.48712730407715,-161.2859649658203,150.83779907226562,-22.17755889892578,push,21,2025-11-18T12:12:21.077056,my_hand_data\videos\push_seq21_20251118_121218_848085.avi,89.55412122468752,360,90,HIGH,VIDEO_RECORDING,2025-11-18T12:12:22.935051
2025-11-18 12:12:21.085472,200,302,HandType.Right,0.8624172806739807,-88.81370544433594,170.2429656982422,11.336248397827148,-0.061981137841939926,-0.9791555404663086,-0.1934238076210022,-101.14241790771484,15.75903034210205,-86.6859130859375,0.0,0.047347843647003174,47.78476333618164,0,1,1,1,1,-128.75355529785156,134.9276885986328,19.48712730407715,-161.2859649658203,150.83779907226562,-22.17755889892578,push,21,2025-11-18T12:12:21.085472,my_hand_data\videos\push_seq21_20251118_121218_848085.avi,89.55412122468752,360,90,HIGH,VIDEO_RECORDING,2025-11-18T12:12:22.935051
2025-11-18 12:12:21.088742,201,302,HandType.Right,0.8620556592941284,-89.8352279663086,170.36053466796875,10.438005447387695,-0.06264465302228928,-0.9792287945747375,-0.19283826649188995,-91.06106567382812,10.479783058166504,-80.07157135009766,0.0,0.045586179941892624,47.825355529785156,0,1,1,1,1,-129.6446533203125,135.05947875976562,18.57976531982422,-162.28794860839844,150.8564910888672,-23.135814666748047,push,21,2025-11-18T12:12:21.088742,my_hand_data\videos\push_seq21_20251118_121218_848085.avi,89.55412122468752,360,90,HIGH,VIDEO_RECORDING,2025-11-18T12:12:22.935051
2025-11-18 12:12:21.104430,202,302,HandType.Right,0.8618972897529602,-90.88124084472656,170.52528381347656,9.574264526367188,-0.0633721873164177,-0.9792377948760986,-0.1925545483827591,-93.47718048095703,14.722538948059082,-77.18868255615234,0.0,0.043187081813812256,47.91368865966797,0,1,1,1,1,-130.50128173828125,135.18971252441406,17.686887741088867,-163.3134765625,150.99136352539062,-24.020809173583984,push,21,2025-11-18T12:12:21.104430,my_hand_data\videos\push_seq21_20251118_121218_848085.avi,89.55412122468752,360,90,HIGH,VIDEO_RECORDING,2025-11-18T12:12:22.935051
2025-11-18 12:12:21.120587,203,302,HandType.Right,0.8614853620529175,-91.8875503540039,170.6373748779297,8.711004257202148,-0.06361882388591766,-0.9792171120643616,-0.19257846474647522,-91.52452087402344,10.195508003234863,-78.51388549804688,0.0,0.04237814247608185,47.91404724121094,0,1,1,1,1,-131.4643096923828,135.32225036621094,16.77484893798828,-164.317626953125,151.08741760253906,-24.965139389038086,push,21,2025-11-18T12:12:21.120587,my_hand_data\videos\push_seq21_20251118_121218_848085.avi,89.55412122468752,360,90,HIGH,VIDEO_RECORDING,2025-11-18T12:12:22.935051
2025-11-18 12:12:21.122687,204,302,HandType.Right,0.8612114787101746,-92.81678771972656,170.69041442871094,7.828056335449219,-0.06397999823093414,-0.9792425036430359,-0.19232971966266632,-84.49170684814453,4.823070049285889,-80.28257751464844,0.0,0.03917229548096657,47.96416473388672,0,1,1,1,1,-132.33946228027344,135.43199157714844,15.882126808166504,-165.36114501953125,151.19435119628906,-25.89262580871582,push,21,2025-11-18T12:12:21.122687,my_hand_data\videos\push_seq21_20251118_121218_848085.avi,89.55412122468752,360,90,HIGH,VIDEO_RECORDING,2025-11-18T12:12:22.935051
2025-11-18 12:12:21.136676,205,302,HandType.Right,0.8604400157928467,-93.81266784667969,170.8687744140625,6.9067559242248535,-0.06499830633401871,-0.9791006445884705,-0.19270989298820496,-89.2120132446289,15.977745056152344,-82.5316162109375,0.0,0.03612537682056427,48.061275482177734,0,1,1,1,1,-133.2286834716797,135.60682678222656,14.958047866821289,-166.40084838867188,151.4275360107422,-26.83441734313965,push,21,2025-11-18T12:12:21.136676,my_hand_data\videos\push_seq21_20251118_121218_848085.avi,89.55412122468752,360,90,HIGH,VIDEO_RECORDING,2025-11-18T12:12:22.935051
2025-11-18 12:12:21.152786,206,302,HandType.Right,0.8595415353775024,-94.83439636230469,171.00411987304688,6.0321478843688965,-0.06559082120656967,-0.978888213634491,-0.193586528301239,-91.1366958618164,12.072280883789062,-78.01337432861328,0.0,0.03570478409528732,48.080509185791016,0,1,1,1,1,-134.1914520263672,135.77679443359375,14.071229934692383,-167.41177368164062,151.59152221679688,-27.719890594482422,push,21,2025-11-18T12:12:21.152786,my_hand_data\videos\push_seq21_20251118_121218_848085.avi,89.55412122468752,360,90,HIGH,VIDEO_RECORDING,2025-11-18T12:12:22.935051
2025-11-18 12:12:21.156946,207,302,HandType.Right,0.8596193194389343,-95.80935668945312,171.107421875,5.138831615447998,-0.0660829097032547,-0.9787169098854065,-0.19428396224975586,-84.20033264160156,8.921229362487793,-77.14970397949219,0.0,0.03510428965091705,48.13130187988281,0,1,1,1,1,-135.04917907714844,135.8584747314453,13.163713455200195,-168.2811737060547,151.6309356689453,-28.677448272705078,push,21,2025-11-18T12:12:21.156946,my_hand_data\videos\push_seq21_20251118_121218_848085.avi,89.55412122468752,360,90,HIGH,VIDEO_RECORDING,2025-11-18T12:12:22.935051
2025-11-18 12:12:21.168913,208,302,HandType.Right,0.8593350648880005,-96.77723693847656,171.25271606445312,4.22064208984375,-0.06729187816381454,-0.9786797761917114,-0.19405576586723328,-92.59364318847656,13.899914741516113,-87.83981323242188,0.0,0.035834114998579025,48.1356315612793,0,1,1,1,1,-135.97671508789062,136.0096893310547,12.239739418029785,-169.17434692382812,151.73001098632812,-29.626949310302734,push,21,2025-11-18T12:12:21.168913,my_hand_data\videos\push_seq21_20251118_121218_848085.avi,89.55412122468752,360,90,HIGH,VIDEO_RECORDING,2025-11-18T12:12:22.935051
2025-11-18 12:12:21.184938,209,302,HandType.Right,0.858496904373169,-97.7872085571289,171.32522583007812,3.3048739433288574,-0.06694897264242172,-0.9786167740821838,-0.19449177384376526,-90.76763916015625,6.515779495239258,-82.30142974853516,0.0,0.03580194711685181,48.13130187988281,0,1,1,1,1,-136.95668029785156,136.08749389648438,11.306975364685059,-170.15528869628906,151.780517578125,-30.584007263183594,push,21,2025-11-18T12:12:21.184938,my_hand_data\videos\push_seq21_20251118_121218_848085.avi,89.55412122468752,360,90,HIGH,VIDEO_RECORDING,2025-11-18T12:12:22.935051
2025-11-18 12:12:21.201041,210,302,HandType.Right,0.8581255078315735,-98.83688354492188,171.4153594970703,2.361466884613037,-0.0662011131644249,-0.9785228967666626,-0.19521860778331757,-93.02365112304688,7.987794399261475,-83.6057357788086,0.0,0.037372831255197525,48.07705307006836,0,1,1,1,1,-137.96682739257812,136.19325256347656,10.378437042236328,-171.13739013671875,151.72731018066406,-31.530786514282227,push,21,2025-11-18T12:12:21.201041,my_hand_data\videos\push_seq21_20251118_121218_848085.avi,89.55412122468752,360,90,HIGH,VIDEO_RECORDING,2025-11-18T12:12:22.935051
2025-11-18 12:12:21.205185,211,302,HandType.Right,0.8577932119369507,-99.83615112304688,171.55453491210938,1.4580165147781372,-0.06563607603311539,-0.9784247279167175,-0.1959003508090973,-91.86123657226562,12.795271873474121,-83.05297088623047,0.0,0.039591964334249496,47.970333099365234,0,1,1,1,1,-138.9993133544922,136.38681030273438,9.475469589233398,-172.06304931640625,151.7444610595703,-32.485374450683594,push,21,2025-11-18T12:12:21.205185,my_hand_data\videos\push_seq21_20251118_121218_848085.avi,89.55412122468752,360,90,HIGH,VIDEO_RECORDING,2025-11-18T12:12:22.935051
2025-11-18 12:12:21.212218,212,302,HandType.Right,0.8574532866477966,-100.8563461303711,171.678955078125,0.4954814612865448,-0.0649406686425209,-0.9783753752708435,-0.19637809693813324,-87.72118377685547,10.697599411010742,-82.76312255859375,0.0,0.0410812608897686,47.88950729370117,0,1,1,1,1,-140.04324340820312,136.55194091796875,8.570257186889648,-173.0275115966797,151.75387573242188,-33.44874954223633,push,21,2025-11-18T12:12:21.212218,my_hand_data\videos\push_seq21_20251118_121218_848085.avi,89.55412122468752,360,90,HIGH,VIDEO_RECORDING,2025-11-18T12:12:22.935051
2025-11-18 12:12:21.232966,213,302,HandType.Right,0.8570722341537476,-101.9230728149414,171.83384704589844,-0.46012935042381287,-0.06415479630231857,-0.978309690952301,-0.19696259498596191,-98.89909362792969,14.360377311706543,-88.59732818603516,0.0,0.04076163098216057,47.86443328857422,0,1,1,1,1,-141.11036682128906,136.80931091308594,7.729097366333008,-174.0844268798828,151.87086486816406,-34.372169494628906,push,21,2025-11-18T12:12:21.232966,my_hand_data\videos\push_seq21_20251118_121218_848085.avi,89.55412122468752,360,90,HIGH,VIDEO_RECORDING,2025-11-18T12:12:22.935051
2025-11-18 12:12:21.232966,214,302,HandType.Right,0.8571791052818298,-102.92859649658203,171.94862365722656,-1.4226000308990479,-0.06333654373884201,-0.978297770023346,-0.19728654623031616,-91.8953628540039,10.489825248718262,-87.96112823486328,0.0,0.0414782389998436,47.759769439697266,0,1,1,1,1,-142.14401245117188,137.1294708251953,6.8806281089782715,-175.07774353027344,151.88677978515625,-35.33143615722656,push,21,2025-11-18T12:12:21.232966,my_hand_data\videos\push_seq21_20251118_121218_848085.avi,89.55412122468752,360,90,HIGH,VIDEO_RECORDING,2025-11-18T12:12:22.935051
2025-11-18 12:12:21.248957,215,302,HandType.Right,0.8566451072692871,-103.96795654296875,172.045166015625,-2.364469051361084,-0.06269986927509308,-0.9782834053039551,-0.1975608766078949,-89.75474548339844,8.337417602539062,-81.33584594726562,0.0,0.04389943182468414,47.60986328125,0,1,1,1,1,-143.2515411376953,137.48919677734375,6.021590232849121,-176.1336669921875,151.99151611328125,-36.21023941040039,push,21,2025-11-18T12:12:21.248957,my_hand_data\videos\push_seq21_20251118_121218_848085.avi,89.55412122468752,360,90,HIGH,VIDEO_RECORDING,2025-11-18T12:12:22.935051
2025-11-18 12:12:21.264997,216,302,HandType.Right,0.8561901450157166,-105.07039642333984,172.17628479003906,-3.3356473445892334,-0.06215735152363777,-0.9782288670539856,-0.1980019062757492,-103.36023712158203,12.293377876281738,-91.05364990234375,0.0,0.0430169552564621,47.623783111572266,0,1,1,1,1,-144.31625366210938,137.67764282226562,5.173899173736572,-177.205322265625,152.0808868408203,-37.136741638183594,push,21,2025-11-18T12:12:21.264997,my_hand_data\videos\push_seq21_20251118_121218_848085.avi,89.55412122468752,360,90,HIGH,VIDEO_RECORDING,2025-11-18T12:12:22.935051
2025-11-18 12:12:21.270150,217,302,HandType.Right,0.8563255667686462,-106.1248550415039,172.3433074951172,-4.269891738891602,-0.06202525645494461,-0.9782108664512634,-0.1981322467327118,-95.254150390625,15.086851119995117,-84.39425659179688,0.0,0.04385785758495331,47.57572937011719,0,1,1,1,1,-145.3624725341797,137.9084930419922,4.313411235809326,-178.1748046875,152.18930053710938,-38.06633758544922,push,21,2025-11-18T12:12:21.270150,my_hand_data\videos\push_seq21_20251118_121218_848085.avi,89.55412122468752,360,90,HIGH,VIDEO_RECORDING,2025-11-18T12:12:22.935051
2025-11-18 12:12:21.280936,218,302,HandType.Right,0.856555163860321,-107.2551040649414,172.465087890625,-5.27012300491333,-0.060874711722135544,-0.9781314134597778,-0.19887982308864594,-99.81846618652344,10.755741119384766,-88.33625793457031,0.0,0.04168814793229103,47.59284210205078,0,1,1,1,1,-146.46534729003906,138.09356689453125,3.390929698944092,-179.3602752685547,152.3302764892578,-39.05086135864258,push,21,2025-11-18T12:12:21.280936,my_hand_data\videos\push_seq21_20251118_121218_848085.avi,89.55412122468752,360,90,HIGH,VIDEO_RECORDING,2025-11-18T12:12:22.935051
2025-11-18 12:12:21.297066,219,302,HandType.Right,0.856656551361084,-108.35562133789062,172.50497436523438,-6.285024642944336,-0.06001409515738487,-0.9781570434570312,-0.19901537895202637,-101.9373779296875,3.693887233734131,-94.0071792602539,0.0,0.03849613294005394,47.64012908935547,0,1,1,1,1,-147.49661254882812,138.20901489257812,2.4801435470581055,-180.48452758789062,152.37588500976562,-40.07267379760742,push,21,2025-11-18T12:12:21.297066,my_hand_data\videos\push_seq21_20251118_121218_848085.avi,89.55412122468752,360,90,HIGH,VIDEO_RECORDING,2025-11-18T12:12:22.935051
2025-11-18 12:12:21.303094,220,302,HandType.Right,0.856658935546875,-109.44490814208984,172.49734497070312,-7.251967906951904,-0.05916145443916321,-0.9780718088150024,-0.19968852400779724,-97.02444458007812,-0.6786515712738037,-86.1266098022461,0.0,0.03712274506688118,47.62488555908203,0,1,1,1,1,-148.5872802734375,138.30995178222656,1.5573242902755737,-181.60269165039062,152.43934631347656,-41.06023025512695,push,21,2025-11-18T12:12:21.303094,my_hand_data\videos\push_seq21_20251118_121218_848085.avi,89.55412122468752,360,90,HIGH,VIDEO_RECORDING,2025-11-18T12:12:22.935051
2025-11-18 12:12:21.312850,221,302,HandType.Right,0.8565603494644165,-110.48682403564453,172.49813842773438,-8.221206665039062,-0.058159321546554565,-0.978058934211731,-0.2000456154346466,-94.21414184570312,0.07144360989332199,-87.6425552368164,0.0,0.03200988471508026,47.70951461791992,0,1,1,1,1,-149.60494995117188,138.36094665527344,0.6599631309509277,-182.79554748535156,152.5763397216797,-42.045684814453125,push,21,2025-11-18T12:12:21.312850,my_hand_data\videos\push_seq21_20251118_121218_848085.avi,89.55412122468752,360,90,HIGH,VIDEO_RECORDING,2025-11-18T12:12:22.935051
2025-11-18 12:12:21.328876,222,302,HandType.Right,0.8565585613250732,-111.47747039794922,172.39857482910156,-9.254554748535156,-0.057109590619802475,-0.9780905246734619,-0.2001934051513672,-88.84675598144531,-8.929396629333496,-92.67689514160156,0.0,0.022205214947462082,47.91180419921875,0,1,1,1,1,-150.48165893554688,138.34078979492188,-0.24028821289539337,-184.01344299316406,152.65313720703125,-43.12543487548828,push,21,2025-11-18T12:12:21.328876,my_hand_data\videos\push_seq21_20251118_121218_848085.avi,89.55412122468752,360,90,HIGH,VIDEO_RECORDING,2025-11-18T12:12:22.935051
2025-11-18 12:12:21.344599,223,302,HandType.Right,0.8565954566001892,-113.52914428710938,172.44488525390625,-11.24506664276123,-0.0557626411318779,-0.9782193899154663,-0.19994331896305084,-95.68537902832031,3.3050315380096436,-89.92716217041016,0.0,0.011790158227086067,48.09127426147461,0,1,1,1,1,-152.50930786132812,138.59642028808594,-1.9324617385864258,-186.44558715820312,152.83399963378906,-45.039649963378906,push,21,2025-11-18T12:12:21.344599,my_hand_data\videos\push_seq21_20251118_121218_848085.avi,89.55412122468752,360,90,HIGH,VIDEO_RECORDING,2025-11-18T12:12:22.935051
2025-11-18 12:12:21.349620,224,302,HandType.Right,0.8565954566001892,-113.52914428710938,172.44488525390625,-11.24506664276123,-0.0557626411318779,-0.9782193899154663,-0.19994331896305084,-95.68537902832031,3.3050315380096436,-89.92716217041016,0.0,0.011790158227086067,48.09127426147461,0,1,1,1,1,-152.50930786132812,138.59642028808594,-1.9324617385864258,-186.44558715820312,152.83399963378906,-45.039649963378906,push,21,2025-11-18T12:12:21.349620,my_hand_data\videos\push_seq21_20251118_121218_848085.avi,89.55412122468752,360,90,HIGH,VIDEO_RECORDING,2025-11-18T12:12:22.935051
2025-11-18 12:12:21.359813,225,302,HandType.Right,0.8562771081924438,-114.68683624267578,172.47425842285156,-12.235860824584961,-0.05504431575536728,-0.9781171083450317,-0.20064164698123932,-100.9761962890625,2.562117576599121,-86.41899108886719,0.0,0.014507886953651905,48.000247955322266,0,1,1,1,1,-153.66110229492188,138.7276611328125,-2.896547317504883,-187.54193115234375,152.71510314941406,-46.0107536315918,push,21,2025-11-18T12:12:21.359813,my_hand_data\videos\push_seq21_20251118_121218_848085.avi,89.55412122468752,360,90,HIGH,VIDEO_RECORDING,2025-11-18T12:12:22.935051
2025-11-18 12:12:21.368150,226,302,HandType.Right,0.8565734624862671,-115.83145904541016,172.4654083251953,-13.174877166748047,-0.054269418120384216,-0.9777990579605103,-0.20239514112472534,-106.1307601928711,-0.8200241923332214,-87.06689453125,0.0,0.0161549374461174,47.934356689453125,0,1,1,1,1,-154.81167602539062,138.8201446533203,-3.8249619007110596,-188.67898559570312,152.70602416992188,-46.9155158996582,push,21,2025-11-18T12:12:21.368150,my_hand_data\videos\push_seq21_20251118_121218_848085.avi,89.55412122468752,360,90,HIGH,VIDEO_RECORDING,2025-11-18T12:12:22.935051
2025-11-18 12:12:21.391507,227,302,HandType.Right,0.8572801351547241,-117.93709564208984,172.3788299560547,-15.125160217285156,-0.052984755486249924,-0.9771629571914673,-0.20577950775623322,-98.93387603759766,-3.52231502532959,-88.77125549316406,0.0,0.003292753593996167,48.22769546508789,0,1,1,1,1,-156.77735900878906,138.7837677001953,-5.750166416168213,-191.13893127441406,152.9041748046875,-49.015689849853516,push,21,2025-11-18T12:12:21.391507,my_hand_data\videos\push_seq21_20251118_121218_848085.avi,89.55412122468752,360,90,HIGH,VIDEO_RECORDING,2025-11-18T12:12:22.935051
2025-11-18 12:12:21.397266,228,302,HandType.Right,0.8572801351547241,-117.93709564208984,172.3788299560547,-15.125160217285156,-0.052984755486249924,-0.9771629571914673,-0.20577950775623322,-98.93387603759766,-3.52231502532959,-88.77125549316406,0.0,0.003292753593996167,48.22769546508789,0,1,1,1,1,-156.77735900878906,138.7837677001953,-5.750166416168213,-191.13893127441406,152.9041748046875,-49.015689849853516,push,21,2025-11-18T12:12:21.397266,my_hand_data\videos\push_seq21_20251118_121218_848085.avi,89.55412122468752,360,90,HIGH,VIDEO_RECORDING,2025-11-18T12:12:22.935051
2025-11-18 12:12:21.399276,229,302,HandType.Right,0.8567632436752319,-119.07899475097656,172.37901306152344,-16.147912979125977,-0.05294284597039223,-0.9768031239509583,-0.20749136805534363,-100.33383178710938,0.016156094148755074,-89.8648910522461,0.0,0.0033706834074109793,48.19917297363281,0,1,1,1,1,-157.93295288085938,138.89797973632812,-6.750075340270996,-192.29202270507812,152.9213104248047,-50.05764389038086,push,21,2025-11-18T12:12:21.399276,my_hand_data\videos\push_seq21_20251118_121218_848085.avi,89.55412122468752,360,90,HIGH,VIDEO_RECORDING,2025-11-18T12:12:22.935051
2025-11-18 12:12:21.423528,230,302,HandType.Right,0.8569153547286987,-120.21875762939453,172.41311645507812,-17.188495635986328,-0.05302036926150322,-0.9765761494636536,-0.20853731036186218,-100.51696014404297,3.006657600402832,-91.77031707763672,0.0,0.0,48.05018997192383,0,1,1,1,1,-158.98797607421875,138.92527770996094,-7.700085163116455,-193.73008728027344,153.2029266357422,-51.099449157714844,push,21,2025-11-18T12:12:21.423528,my_hand_data\videos\push_seq21_20251118_121218_848085.avi,89.55412122468752,360,90,HIGH,VIDEO_RECORDING,2025-11-18T12:12:22.935051
2025-11-18 12:12:21.427545,231,302,HandType.Right,0.8570584654808044,-121.33763885498047,172.4098358154297,-18.200712203979492,-0.05331138148903847,-0.9762588739395142,-0.20994409918785095,-104.3152084350586,-0.3051237165927887,-94.37040710449219,0.0,0.0,48.28593063354492,0,1,1,1,1,-160.1026153564453,138.97137451171875,-8.70468807220459,-194.8006134033203,153.1554412841797,-52.111053466796875,push,21,2025-11-18T12:12:21.427545,my_hand_data\videos\push_seq21_20251118_121218_848085.avi,89.55412122468752,360,90,HIGH,VIDEO_RECORDING,2025-11-18T12:12:22.935051
2025-11-18 12:12:21.439198,232,302,HandType.Right,0.8568851351737976,-122.39397430419922,172.38446044921875,-19.167497634887695,-0.05403468757867813,-0.975864827632904,-0.21158473193645477,-95.04559326171875,-2.2841460704803467,-86.98802947998047,0.0,0.0,48.44386672973633,0,1,1,1,1,-161.16517639160156,138.9546356201172,-9.65978717803955,-195.86769104003906,153.14122009277344,-53.062164306640625,push,21,2025-11-18T12:12:21.439198,my_hand_data\videos\push_seq21_20251118_121218_848085.avi,89.55412122468752,360,90,HIGH,VIDEO_RECORDING,2025-11-18T12:12:22.935051
2025-11-18 12:12:21.455015,233,302,HandType.Right,0.856814980506897,-123.51005554199219,172.39910888671875,-20.140050888061523,-0.05461501702666283,-0.9755732417106628,-0.21277694404125214,-98.74188232421875,1.2968459129333496,-86.043701171875,0.0,0.001208037487231195,48.318119049072266,0,1,1,1,1,-162.35226440429688,139.01002502441406,-10.623278617858887,-196.79995727539062,153.0046844482422,-54.025779724121094,push,21,2025-11-18T12:12:21.455015,my_hand_data\videos\push_seq21_20251118_121218_848085.avi,89.55412122468752,360,90,HIGH,VIDEO_RECORDING,2025-11-18T12:12:22.935051
2025-11-18 12:12:21.455015,234,302,HandType.Right,0.8555380702018738,-124.6358413696289,172.41969299316406,-21.076080322265625,-0.0551583431661129,-0.9752981662750244,-0.2138950228691101,-99.67127227783203,1.8226017951965332,-82.8711166381836,0.0,0.00417728628963232,48.244956970214844,0,1,1,1,1,-163.54888916015625,139.09959411621094,-11.498019218444824,-197.83860778808594,152.9747772216797,-54.937217712402344,push,21,2025-11-18T12:12:21.455015,my_hand_data\videos\push_seq21_20251118_121218_848085.avi,89.55412122468752,360,90,HIGH,VIDEO_RECORDING,2025-11-18T12:12:22.935051
2025-11-18 12:12:21.465718,235,302,HandType.Right,0.854614794254303,-125.73810577392578,172.3867950439453,-22.03374671936035,-0.05499517545104027,-0.9749844670295715,-0.21536199748516083,-100.0689926147461,-2.9873363971710205,-86.94213104248047,0.0,0.0021456992253661156,48.18857192993164,0,1,1,1,1,-164.90919494628906,139.21322631835938,-12.400422096252441,-199.2371368408203,153.2649383544922,-55.86107635498047,push,21,2025-11-18T12:12:21.465718,my_hand_data\videos\push_seq21_20251118_121218_848085.avi,89.55412122468752,360,90,HIGH,VIDEO_RECORDING,2025-11-18T12:12:22.935051
2025-11-18 12:12:21.487105,236,302,HandType.Right,0.8543676137924194,-126.7914047241211,172.40052795410156,-22.989023208618164,-0.05515929311513901,-0.9747658371925354,-0.21630769968032837,-94.5260238647461,1.2330540418624878,-85.72883605957031,0.0,0.0011293174466118217,48.19920349121094,0,1,1,1,1,-165.98382568359375,139.2442169189453,-13.253116607666016,-200.31600952148438,153.2288818359375,-56.79373550415039,push,21,2025-11-18T12:12:21.487105,my_hand_data\videos\push_seq21_20251118_121218_848085.avi,89.55412122468752,360,90,HIGH,VIDEO_RECORDING,2025-11-18T12:12:22.935051
2025-11-18 12:12:21.490915,237,302,HandType.Right,0.8541619777679443,-127.87579345703125,172.42596435546875,-23.90772819519043,-0.055890101939439774,-0.974346399307251,-0.21800312399864197,-100.65782165527344,2.3600096702575684,-85.27842712402344,0.0,0.007026137318462133,48.06032180786133,0,1,1,1,1,-167.12681579589844,139.3428192138672,-14.131590843200684,-201.3319854736328,152.98873901367188,-57.616294860839844,push,21,2025-11-18T12:12:21.490915,my_hand_data\videos\push_seq21_20251118_121218_848085.avi,89.55412122468752,360,90,HIGH,VIDEO_RECORDING,2025-11-18T12:12:22.935051
2025-11-18 12:12:21.503263,238,302,HandType.Right,0.8534146547317505,-129.0496063232422,172.46041870117188,-24.958324432373047,-0.055989570915699005,-0.9741454124450684,-0.2188740372657776,-102.32853698730469,3.004737615585327,-91.5871353149414,0.0,0.010113397613167763,47.923458099365234,0,1,1,1,1,-168.52847290039062,139.52027893066406,-15.052160263061523,-202.5727081298828,152.9813995361328,-58.58735656738281,push,21,2025-11-18T12:12:21.503263,my_hand_data\videos\push_seq21_20251118_121218_848085.avi,89.55412122468752,360,90,HIGH,VIDEO_RECORDING,2025-11-18T12:12:22.935051
2025-11-18 12:12:21.519244,239,302,HandType.Right,0.8533871173858643,-130.08889770507812,172.41819763183594,-25.933313369750977,-0.056634657084941864,-0.9740792512893677,-0.21900266408920288,-95.64649963378906,-3.8858439922332764,-89.7285385131836,0.0,0.009328246116638184,47.93547821044922,0,1,1,1,1,-169.6503448486328,139.53060913085938,-15.868745803833008,-203.65426635742188,152.8931884765625,-59.51802444458008,push,21,2025-11-18T12:12:21.519244,my_hand_data\videos\push_seq21_20251118_121218_848085.avi,89.55412122468752,360,90,HIGH,VIDEO_RECORDING,2025-11-18T12:12:22.935051
2025-11-18 12:12:21.523261,240,302,HandType.Right,0.8533871173858643,-130.08889770507812,172.41819763183594,-25.933313369750977,-0.056634657084941864,-0.9740792512893677,-0.21900266408920288,-95.64649963378906,-3.8858439922332764,-89.7285385131836,0.0,0.009328246116638184,47.93547821044922,0,1,1,1,1,-169.6503448486328,139.53060913085938,-15.868745803833008,-203.65426635742188,152.8931884765625,-59.51802444458008,push,21,2025-11-18T12:12:21.523261,my_hand_data\videos\push_seq21_20251118_121218_848085.avi,89.55412122468752,360,90,HIGH,VIDEO_RECORDING,2025-11-18T12:12:22.935051
2025-11-18 12:12:21.551033,241,302,HandType.Right,0.8520285487174988,-132.32814025878906,172.37762451171875,-28.07813262939453,-0.0572984404861927,-0.9739986062049866,-0.21918849647045135,-108.08306884765625,-3.1951723098754883,-101.30950927734375,0.0,0.010051512159407139,47.91515350341797,0,1,1,1,1,-171.9453887939453,139.65982055664062,-17.652629852294922,-205.81167602539062,152.53692626953125,-61.555233001708984,push,21,2025-11-18T12:12:21.551033,my_hand_data\videos\push_seq21_20251118_121218_848085.avi,89.55412122468752,360,90,HIGH,VIDEO_RECORDING,2025-11-18T12:12:22.935051
2025-11-18 12:12:21.551033,242,302,HandType.Right,0.8509485125541687,-133.4952392578125,172.36996459960938,-29.09335708618164,-0.05770162120461464,-0.9739745259284973,-0.21918979287147522,-103.03722381591797,-0.6760313510894775,-89.62872314453125,0.0,0.014289835467934608,47.80493927001953,0,1,1,1,1,-173.212646484375,139.76220703125,-18.48836898803711,-206.7042236328125,152.36135864257812,-62.571197509765625,push,21,2025-11-18T12:12:21.551033,my_hand_data\videos\push_seq21_20251118_121218_848085.avi,89.55412122468752,360,90,HIGH,VIDEO_RECORDING,2025-11-18T12:12:22.935051
2025-11-18 12:12:21.557750,243,302,HandType.Right,0.8509485125541687,-133.4952392578125,172.36996459960938,-29.09335708618164,-0.05770162120461464,-0.9739745259284973,-0.21918979287147522,-103.03722381591797,-0.6760313510894775,-89.62872314453125,0.0,0.014289835467934608,47.80493927001953,0,1,1,1,1,-173.212646484375,139.76220703125,-18.48836898803711,-206.7042236328125,152.36135864257812,-62.571197509765625,push,21,2025-11-18T12:12:21.557750,my_hand_data\videos\push_seq21_20251118_121218_848085.avi,89.55412122468752,360,90,HIGH,VIDEO_RECORDING,2025-11-18T12:12:22.935051
2025-11-18 12:12:21.566963,244,302,HandType.Right,0.849445641040802,-135.71432495117188,172.3337860107422,-31.056791305541992,-0.05743331462144852,-0.9738926887512207,-0.21962343156337738,-95.82608795166016,0.13967035710811615,-87.15422821044922,0.0,0.026124151423573494,47.50130844116211,0,1,1,1,1,-175.7744140625,139.9269561767578,-20.149168014526367,-208.42971801757812,151.94097900390625,-64.49708557128906,push,21,2025-11-18T12:12:21.566963,my_hand_data\videos\push_seq21_20251118_121218_848085.avi,89.55412122468752,360,90,HIGH,VIDEO_RECORDING,2025-11-18T12:12:22.935051
2025-11-18 12:12:21.582714,245,302,HandType.Right,0.8491387963294983,-136.82810974121094,172.38624572753906,-32.05415725708008,-0.056971121579408646,-0.9737913012504578,-0.22019271552562714,-101.06856536865234,4.7606201171875,-90.50518798828125,0.0,0.021893266588449478,47.59627151489258,0,1,1,1,1,-177.02069091796875,140.05673217773438,-20.894615173339844,-209.64378356933594,152.0205078125,-65.48735809326172,push,21,2025-11-18T12:12:21.582714,my_hand_data\videos\push_seq21_20251118_121218_848085.avi,89.55412122468752,360,90,HIGH,VIDEO_RECORDING,2025-11-18T12:12:22.935051
2025-11-18 12:12:21.598649,246,302,HandType.Right,0.8480138182640076,-137.95040893554688,172.3201904296875,-33.104557037353516,-0.05673922225832939,-0.9738525152206421,-0.2199816256761551,-101.34650421142578,-5.965568542480469,-94.85289001464844,0.0,0.025482460856437683,47.498207092285156,0,1,1,1,1,-178.2543182373047,140.08753967285156,-21.88248062133789,-210.6532440185547,151.9475555419922,-66.51446533203125,push,21,2025-11-18T12:12:21.598649,my_hand_data\videos\push_seq21_20251118_121218_848085.avi,89.55412122468752,360,90,HIGH,VIDEO_RECORDING,2025-11-18T12:12:22.935051
2025-11-18 12:12:21.598649,247,302,HandType.Right,0.8471876382827759,-139.11900329589844,172.29315185546875,-34.15645980834961,-0.056350164115428925,-0.9738612174987793,-0.22004328668117523,-104.6653060913086,-2.42080020904541,-94.21428680419922,0.0,0.030492929741740227,47.384429931640625,0,1,1,1,1,-179.4498291015625,140.12026977539062,-22.89778709411621,-211.65069580078125,151.76846313476562,-67.51338958740234,push,21,2025-11-18T12:12:21.598649,my_hand_data\videos\push_seq21_20251118_121218_848085.avi,89.55412122468752,360,90,HIGH,VIDEO_RECORDING,2025-11-18T12:12:22.935051
2025-11-18 12:12:21.614785,248,302,HandType.Right,0.8468017578125,-140.2538604736328,172.2564697265625,-35.11709976196289,-0.055789314210414886,-0.9736353754997253,-0.22118259966373444,-97.86564636230469,-3.163695812225342,-82.84217071533203,0.0,0.03120681643486023,47.37436294555664,0,1,1,1,1,-180.64093017578125,140.15281677246094,-23.79636001586914,-212.7678985595703,151.75131225585938,-68.46214294433594,push,21,2025-11-18T12:12:21.614785,my_hand_data\videos\push_seq21_20251118_121218_848085.avi,89.55412122468752,360,90,HIGH,VIDEO_RECORDING,2025-11-18T12:12:22.935051
2025-11-18 12:12:21.630908,249,302,HandType.Right,0.8460626006126404,-141.37355041503906,172.25518798828125,-36.08056640625,-0.05570770800113678,-0.9735883474349976,-0.22140991687774658,-107.4668197631836,-0.12269747257232666,-92.47218322753906,0.0,0.03741182014346123,47.241729736328125,0,1,1,1,1,-181.82640075683594,140.1925811767578,-24.71357536315918,-213.63243103027344,151.5738983154297,-69.39111328125,push,21,2025-11-18T12:12:21.630908,my_hand_data\videos\push_seq21_20251118_121218_848085.avi,89.55412122468752,360,90,HIGH,VIDEO_RECORDING,2025-11-18T12:12:22.935051
2025-11-18 12:12:21.632918,250,302,HandType.Right,0.8453720211982727,-142.5644073486328,172.1502685546875,-37.109195709228516,-0.054456960409879684,-0.9736231565475464,-0.22156798839569092,-104.84711456298828,-9.237080574035645,-90.56429290771484,0.0,0.038402218371629715,47.19470977783203,0,1,1,1,1,-183.06588745117188,140.14637756347656,-25.714921951293945,-214.81410217285156,151.45167541503906,-70.4179458618164,push,21,2025-11-18T12:12:21.632918,my_hand_data\videos\push_seq21_20251118_121218_848085.avi,89.55412122468752,360,90,HIGH,VIDEO_RECORDING,2025-11-18T12:12:22.935051
2025-11-18 12:12:21.662817,251,302,HandType.Right,0.8439797759056091,-145.10455322265625,172.0052947998047,-38.95869827270508,-0.05139920860528946,-0.973488986492157,-0.22288420796394348,-115.91197204589844,1.4042956829071045,-79.9780044555664,0.0,0.04078802466392517,47.07539367675781,0,1,1,1,1,-185.62509155273438,140.19284057617188,-27.522354125976562,-217.24497985839844,151.31817626953125,-72.2607650756836,push,21,2025-11-18T12:12:21.662817,my_hand_data\videos\push_seq21_20251118_121218_848085.avi,89.55412122468752,360,90,HIGH,VIDEO_RECORDING,2025-11-18T12:12:22.935051
2025-11-18 12:12:21.662817,252,302,HandType.Right,0.843998372554779,-146.3183135986328,171.9632568359375,-39.85572052001953,-0.04997854307293892,-0.973351001739502,-0.22380797564983368,-111.17040252685547,-3.850255250930786,-82.1596908569336,0.0,0.04089973494410515,47.08750915527344,0,1,1,1,1,-186.80096435546875,140.206787109375,-28.371288299560547,-218.41787719726562,151.298828125,-73.11768341064453,push,21,2025-11-18T12:12:21.662817,my_hand_data\videos\push_seq21_20251118_121218_848085.avi,89.55412122468752,360,90,HIGH,VIDEO_RECORDING,2025-11-18T12:12:22.935051
2025-11-18 12:12:21.672863,253,302,HandType.Right,0.843998372554779,-146.3183135986328,171.9632568359375,-39.85572052001953,-0.04997854307293892,-0.973351001739502,-0.22380797564983368,-111.17040252685547,-3.850255250930786,-82.1596908569336,0.0,0.04089973494410515,47.08750915527344,0,1,1,1,1,-186.80096435546875,140.206787109375,-28.371288299560547,-218.41787719726562,151.298828125,-73.11768341064453,push,21,2025-11-18T12:12:21.672863,my_hand_data\videos\push_seq21_20251118_121218_848085.avi,89.55412122468752,360,90,HIGH,VIDEO_RECORDING,2025-11-18T12:12:22.935051
2025-11-18 12:12:21.678553,254,302,HandType.Right,0.843998372554779,-146.3183135986328,171.9632568359375,-39.85572052001953,-0.04997854307293892,-0.973351001739502,-0.22380797564983368,-111.17040252685547,-3.850255250930786,-82.1596908569336,0.0,0.04089973494410515,47.08750915527344,0,1,1,1,1,-186.80096435546875,140.206787109375,-28.371288299560547,-218.41787719726562,151.298828125,-73.11768341064453,push,21,2025-11-18T12:12:21.678553,my_hand_data\videos\push_seq21_20251118_121218_848085.avi,89.55412122468752,360,90,HIGH,VIDEO_RECORDING,2025-11-18T12:12:22.935051
2025-11-18 12:12:21.694209,255,302,HandType.Right,0.8436976075172424,-148.62916564941406,171.91744995117188,-41.58960723876953,-0.047268617898225784,-0.9727627635002136,-0.22693222761154175,-111.35812377929688,-2.115022659301758,-80.48844909667969,0.0,0.040746916085481644,47.100921630859375,0,1,1,1,1,-189.27362060546875,140.2777099609375,-30.12602996826172,-220.8438262939453,151.61892700195312,-74.85328674316406,push,21,2025-11-18T12:12:21.694209,my_hand_data\videos\push_seq21_20251118_121218_848085.avi,89.55412122468752,360,90,HIGH,VIDEO_RECORDING,2025-11-18T12:12:22.935051
2025-11-18 12:12:21.710063,256,302,HandType.Right,0.843471884727478,-149.8616485595703,171.94622802734375,-42.45309829711914,-0.045813579112291336,-0.9721347689628601,-0.22990232706069946,-111.41567993164062,2.6012489795684814,-78.05946350097656,0.0,0.04523090273141861,46.9639892578125,0,1,1,1,1,-190.61184692382812,140.388427734375,-31.099597930908203,-222.0590362548828,151.722900390625,-75.71156311035156,push,21,2025-11-18T12:12:21.710063,my_hand_data\videos\push_seq21_20251118_121218_848085.avi,89.55412122468752,360,90,HIGH,VIDEO_RECORDING,2025-11-18T12:12:22.935051
2025-11-18 12:12:21.710063,257,302,HandType.Right,0.8427348136901855,-151.09092712402344,171.9421844482422,-43.22795104980469,-0.042828336358070374,-0.9712707996368408,-0.23409128189086914,-112.91260528564453,-0.3707529604434967,-71.17220306396484,0.0,0.04098942503333092,47.07658767700195,0,1,1,1,1,-191.8534393310547,140.4257049560547,-31.903650283813477,-223.4467315673828,152.06207275390625,-76.53031158447266,push,21,2025-11-18T12:12:21.710063,my_hand_data\videos\push_seq21_20251118_121218_848085.avi,89.55412122468752,360,90,HIGH,VIDEO_RECORDING,2025-11-18T12:12:22.935051
2025-11-18 12:12:21.726014,258,302,HandType.Right,0.8415513038635254,-152.36659240722656,172.00950622558594,-44.08237838745117,-0.04145460203289986,-0.9704280495643616,-0.23780426383018494,-112.07758331298828,5.9145636558532715,-75.06827545166016,0.0,0.04758429899811745,46.951568603515625,0,1,1,1,1,-193.11190795898438,140.5065460205078,-32.85520935058594,-224.50918579101562,152.06475830078125,-77.33976745605469,push,21,2025-11-18T12:12:21.726014,my_hand_data\videos\push_seq21_20251118_121218_848085.avi,89.55412122468752,360,90,HIGH,VIDEO_RECORDING,2025-11-18T12:12:22.935051
2025-11-18 12:12:21.741649,259,302,HandType.Right,0.8415482640266418,-153.51150512695312,172.0787811279297,-44.880348205566406,-0.04057019576430321,-0.9699606895446777,-0.2398548275232315,-105.540771484375,6.386497497558594,-73.55931854248047,0.0,0.04915641248226166,46.903507232666016,0,1,1,1,1,-194.3416748046875,140.5948944091797,-33.70460510253906,-225.71873474121094,152.17051696777344,-78.12665557861328,push,21,2025-11-18T12:12:21.741649,my_hand_data\videos\push_seq21_20251118_121218_848085.avi,89.55412122468752,360,90,HIGH,VIDEO_RECORDING,2025-11-18T12:12:22.935051
2025-11-18 12:12:21.741649,260,302,HandType.Right,0.8419452905654907,-154.7021026611328,172.08021545410156,-45.756900787353516,-0.038703422993421555,-0.9695201516151428,-0.24193541705608368,-106.44623565673828,0.12709186971187592,-78.36846160888672,0.0,0.04799206182360649,46.902313232421875,0,1,1,1,1,-195.57228088378906,140.63372802734375,-34.621856689453125,-226.92575073242188,152.2549591064453,-79.10001373291016,push,21,2025-11-18T12:12:21.741649,my_hand_data\videos\push_seq21_20251118_121218_848085.avi,89.55412122468752,360,90,HIGH,VIDEO_RECORDING,2025-11-18T12:12:22.935051
2025-11-18 12:12:21.757665,261,302,HandType.Right,0.8415777683258057,-155.79129028320312,172.11058044433594,-46.64813995361328,-0.03876792639493942,-0.9694722294807434,-0.24211709201335907,-97.46675872802734,2.7178592681884766,-79.75277709960938,0.0,0.04828356206417084,46.92018127441406,0,1,1,1,1,-196.67713928222656,140.64859008789062,-35.51918411254883,-227.90113830566406,152.26829528808594,-80.07360076904297,push,21,2025-11-18T12:12:21.757665,my_hand_data\videos\push_seq21_20251118_121218_848085.avi,89.55412122468752,360,90,HIGH,VIDEO_RECORDING,2025-11-18T12:12:22.935051
2025-11-18 12:12:21.773663,262,302,HandType.Right,0.8413355946540833,-157.04615783691406,172.1767120361328,-47.54249954223633,-0.038292303681373596,-0.9693394303321838,-0.2427237331867218,-112.1419906616211,5.91023063659668,-79.92494201660156,0.0,0.051951490342617035,46.83284378051758,0,1,1,1,1,-198.0062713623047,140.7323455810547,-36.40180206298828,-229.00379943847656,152.2779083251953,-80.96916961669922,push,21,2025-11-18T12:12:21.773663,my_hand_data\videos\push_seq21_20251118_121218_848085.avi,89.55412122468752,360,90,HIGH,VIDEO_RECORDING,2025-11-18T12:12:22.935051
2025-11-18 12:12:21.779685,263,302,HandType.Right,0.8413345813751221,-158.23277282714844,172.2644805908203,-48.377037048339844,-0.03805071860551834,-0.9692478179931641,-0.24312721192836761,-106.65202331542969,7.8876051902771,-75.00784301757812,0.0,0.05821819230914116,46.66473388671875,0,1,1,1,1,-199.26759338378906,140.8380584716797,-37.23988723754883,-230.017333984375,152.12347412109375,-81.76345825195312,push,21,2025-11-18T12:12:21.779685,my_hand_data\videos\push_seq21_20251118_121218_848085.avi,89.55412122468752,360,90,HIGH,VIDEO_RECORDING,2025-11-18T12:12:22.935051
2025-11-18 12:12:21.805919,264,302,HandType.Right,0.8404365181922913,-160.53228759765625,172.42501831054688,-50.088539123535156,-0.03829946368932724,-0.9691870212554932,-0.24333025515079498,-100.0857925415039,8.213837623596191,-79.03682708740234,0.0,0.06158395856618881,46.59416961669922,0,1,1,1,1,-201.67913818359375,141.01638793945312,-38.866268157958984,-232.26564025878906,152.0517120361328,-83.41532135009766,push,21,2025-11-18T12:12:21.805919,my_hand_data\videos\push_seq21_20251118_121218_848085.avi,89.55412122468752,360,90,HIGH,VIDEO_RECORDING,2025-11-18T12:12:22.935051
2025-11-18 12:12:21.805919,265,302,HandType.Right,0.8404365181922913,-160.53228759765625,172.42501831054688,-50.088539123535156,-0.03829946368932724,-0.9691870212554932,-0.24333025515079498,-100.0857925415039,8.213837623596191,-79.03682708740234,0.0,0.06158395856618881,46.59416961669922,0,1,1,1,1,-201.67913818359375,141.01638793945312,-38.866268157958984,-232.26564025878906,152.0517120361328,-83.41532135009766,push,21,2025-11-18T12:12:21.805919,my_hand_data\videos\push_seq21_20251118_121218_848085.avi,89.55412122468752,360,90,HIGH,VIDEO_RECORDING,2025-11-18T12:12:22.935051
2025-11-18 12:12:21.805919,266,302,HandType.Right,0.8403427600860596,-161.68832397460938,172.39927673339844,-50.949317932128906,-0.03814627230167389,-0.9692792892456055,-0.24298669397830963,-105.0648193359375,-2.339647054672241,-78.23126220703125,0.0,0.06594886630773544,46.48394775390625,0,1,1,1,1,-202.86959838867188,141.02401733398438,-39.67686462402344,-233.33421325683594,151.7943572998047,-84.18257904052734,push,21,2025-11-18T12:12:21.805919,my_hand_data\videos\push_seq21_20251118_121218_848085.avi,89.55412122468752,360,90,HIGH,VIDEO_RECORDING,2025-11-18T12:12:22.935051
2025-11-18 12:12:21.837820,267,302,HandType.Right,0.8388242721557617,-164.25421142578125,172.39642333984375,-52.69727325439453,-0.037886761128902435,-0.9697686433792114,-0.24106712639331818,-119.4866943359375,-1.4453840255737305,-79.14930725097656,0.0,0.06546032428741455,46.47772979736328,0,1,1,1,1,-205.5782012939453,141.12464904785156,-41.25924301147461,-236.0738525390625,151.74424743652344,-85.8035659790039,push,21,2025-11-18T12:12:21.837820,my_hand_data\videos\push_seq21_20251118_121218_848085.avi,89.55412122468752,360,90,HIGH,VIDEO_RECORDING,2025-11-18T12:12:22.935051
2025-11-18 12:12:21.841838,268,302,HandType.Right,0.8388242721557617,-164.25421142578125,172.39642333984375,-52.69727325439453,-0.037886761128902435,-0.9697686433792114,-0.24106712639331818,-119.4866943359375,-1.4453840255737305,-79.14930725097656,0.0,0.06546032428741455,46.47772979736328,0,1,1,1,1,-205.5782012939453,141.12464904785156,-41.25924301147461,-236.0738525390625,151.74424743652344,-85.8035659790039,push,21,2025-11-18T12:12:21.841838,my_hand_data\videos\push_seq21_20251118_121218_848085.avi,89.55412122468752,360,90,HIGH,VIDEO_RECORDING,2025-11-18T12:12:22.935051
2025-11-18 12:12:21.845851,269,302,HandType.Right,0.8387166857719421,-165.52684020996094,172.39036560058594,-53.48112869262695,-0.038286756724119186,-0.9698752760887146,-0.24057452380657196,-112.87183380126953,-0.5371966361999512,-69.52153778076172,0.0,0.07046069204807281,46.329891204833984,0,1,1,1,1,-207.0448455810547,141.1617431640625,-42.00878143310547,-237.34605407714844,151.62283325195312,-86.49785614013672,push,21,2025-11-18T12:12:21.845851,my_hand_data\videos\push_seq21_20251118_121218_848085.avi,89.55412122468752,360,90,HIGH,VIDEO_RECORDING,2025-11-18T12:12:22.935051
2025-11-18 12:12:21.869520,270,302,HandType.Right,0.8376848697662354,-167.56680297851562,172.1924285888672,-54.91241455078125,-0.039319392293691635,-0.9701922535896301,-0.2391255497932434,-91.71070861816406,-7.039992332458496,-62.67378616333008,0.0,0.07790793478488922,46.13318634033203,0,1,1,1,1,-209.408935546875,141.07196044921875,-43.33625793457031,-239.39451599121094,151.30828857421875,-87.76145935058594,push,21,2025-11-18T12:12:21.869520,my_hand_data\videos\push_seq21_20251118_121218_848085.avi,89.55412122468752,360,90,HIGH,VIDEO_RECORDING,2025-11-18T12:12:22.935051
2025-11-18 12:12:21.869520,271,302,HandType.Right,0.8376848697662354,-167.56680297851562,172.1924285888672,-54.91241455078125,-0.039319392293691635,-0.9701922535896301,-0.2391255497932434,-91.71070861816406,-7.039992332458496,-62.67378616333008,0.0,0.07790793478488922,46.13318634033203,0,1,1,1,1,-209.408935546875,141.07196044921875,-43.33625793457031,-239.39451599121094,151.30828857421875,-87.76145935058594,push,21,2025-11-18T12:12:21.869520,my_hand_data\videos\push_seq21_20251118_121218_848085.avi,89.55412122468752,360,90,HIGH,VIDEO_RECORDING,2025-11-18T12:12:22.935051
2025-11-18 12:12:21.877611,272,302,HandType.Right,0.836216151714325,-168.74832153320312,172.15322875976562,-55.66734313964844,-0.040013693273067474,-0.9702906012535095,-0.23861071467399597,-103.90612030029297,-3.447505474090576,-66.39044952392578,0.0,0.08091656118631363,46.065547943115234,0,1,1,1,1,-210.6754150390625,141.13014221191406,-44.05211639404297,-240.49221801757812,151.22572326660156,-88.48820495605469,push,21,2025-11-18T12:12:21.877611,my_hand_data\videos\push_seq21_20251118_121218_848085.avi,89.55412122468752,360,90,HIGH,VIDEO_RECORDING,2025-11-18T12:12:22.935051
2025-11-18 12:12:21.901351,273,302,HandType.Right,0.8354697227478027,-169.91421508789062,172.16514587402344,-56.39638137817383,-0.040516577661037445,-0.9704350829124451,-0.23793736100196838,-108.15377044677734,1.1061862707138062,-67.62897491455078,0.0,0.08556628227233887,45.9329719543457,0,1,1,1,1,-211.97705078125,141.30223083496094,-44.75083541870117,-241.5083465576172,151.11178588867188,-89.23199462890625,push,21,2025-11-18T12:12:21.901351,my_hand_data\videos\push_seq21_20251118_121218_848085.avi,89.55412122468752,360,90,HIGH,VIDEO_RECORDING,2025-11-18T12:12:22.935051
2025-11-18 12:12:21.917135,274,302,HandType.Right,0.8346342444419861,-171.1066131591797,172.14599609375,-57.088890075683594,-0.04082965850830078,-0.9706135392189026,-0.23715470731258392,-108.31148529052734,-1.7395693063735962,-62.90392303466797,0.0,0.08815109729766846,45.79899978637695,0,1,1,1,1,-213.36399841308594,141.51243591308594,-45.385597229003906,-242.70970153808594,151.10507202148438,-89.92001342773438,push,21,2025-11-18T12:12:21.917135,my_hand_data\videos\push_seq21_20251118_121218_848085.avi,89.55412122468752,360,90,HIGH,VIDEO_RECORDING,2025-11-18T12:12:22.935051
2025-11-18 12:12:21.922829,275,302,HandType.Right,0.8346342444419861,-171.1066131591797,172.14599609375,-57.088890075683594,-0.04082965850830078,-0.9706135392189026,-0.23715470731258392,-108.31148529052734,-1.7395693063735962,-62.90392303466797,0.0,0.08815109729766846,45.79899978637695,0,1,1,1,1,-213.36399841308594,141.51243591308594,-45.385597229003906,-242.70970153808594,151.10507202148438,-89.92001342773438,push,21,2025-11-18T12:12:21.922829,my_hand_data\videos\push_seq21_20251118_121218_848085.avi,89.55412122468752,360,90,HIGH,VIDEO_RECORDING,2025-11-18T12:12:22.935051
2025-11-18 12:12:21.927323,276,302,HandType.Right,0.834121584892273,-172.35537719726562,172.24851989746094,-57.7823371887207,-0.042281631380319595,-0.9708050489425659,-0.23611411452293396,-113.16285705566406,9.290739059448242,-62.84049606323242,0.0,0.08862420916557312,45.790164947509766,0,1,1,1,1,-214.76235961914062,141.7223663330078,-46.05232238769531,-243.99147033691406,151.37985229492188,-90.61979675292969,push,21,2025-11-18T12:12:21.927323,my_hand_data\videos\push_seq21_20251118_121218_848085.avi,89.55412122468752,360,90,HIGH,VIDEO_RECORDING,2025-11-18T12:12:22.935051
2025-11-18 12:12:21.932945,277,302,HandType.Right,0.8325189352035522,-173.47633361816406,172.2886199951172,-58.508270263671875,-0.043433740735054016,-0.9707791805267334,-0.23601125180721283,-100.8968276977539,3.6087822914123535,-65.34049224853516,0.0,0.09352494776248932,45.666465759277344,0,1,1,1,1,-216.1041717529297,141.85035705566406,-46.79224395751953,-245.15078735351562,151.53125,-91.25321197509766,push,21,2025-11-18T12:12:21.932945,my_hand_data\videos\push_seq21_20251118_121218_848085.avi,89.55412122468752,360,90,HIGH,VIDEO_RECORDING,2025-11-18T12:12:22.935051
2025-11-18 12:12:21.948801,278,302,HandType.Right,0.8311233520507812,-174.75572204589844,172.53631591796875,-59.22924041748047,-0.0449129082262516,-0.9707363247871399,-0.23591071367263794,-114.27162170410156,22.12364387512207,-64.39557647705078,0.0,0.10081493854522705,45.54437255859375,0,1,1,1,1,-217.45753479003906,142.13992309570312,-47.533203125,-246.16751098632812,151.67886352539062,-91.91687774658203,push,21,2025-11-18T12:12:21.948801,my_hand_data\videos\push_seq21_20251118_121218_848085.avi,89.55412122468752,360,90,HIGH,VIDEO_RECORDING,2025-11-18T12:12:22.935051
2025-11-18 12:12:21.964686,279,302,HandType.Right,0.8298897743225098,-177.11636352539062,172.9222869873047,-60.55300521850586,-0.04993346333503723,-0.9708001613616943,-0.2346351444721222,-108.29277801513672,17.304494857788086,-62.69706726074219,0.0,0.11651957780122757,45.21931457519531,0,1,1,1,1,-219.93844604492188,142.5698699951172,-48.930885314941406,-248.02452087402344,151.8114013671875,-93.0698013305664,push,21,2025-11-18T12:12:21.964686,my_hand_data\videos\push_seq21_20251118_121218_848085.avi,89.55412122468752,360,90,HIGH,VIDEO_RECORDING,2025-11-18T12:12:22.935051
2025-11-18 12:12:21.964686,280,302,HandType.Right,0.8283523321151733,-178.4037322998047,173.07839965820312,-61.23419189453125,-0.05163079872727394,-0.9707223773002625,-0.23458972573280334,-112.6601791381836,13.660659790039062,-59.6121826171875,0.0,0.12596118450164795,45.005950927734375,0,1,1,1,1,-221.30184936523438,142.79139709472656,-49.65596008300781,-249.06179809570312,151.85023498535156,-93.61858367919922,push,21,2025-11-18T12:12:21.964686,my_hand_data\videos\push_seq21_20251118_121218_848085.avi,89.55412122468752,360,90,HIGH,VIDEO_RECORDING,2025-11-18T12:12:22.935051
2025-11-18 12:12:21.980511,281,302,HandType.Right,0.827548086643219,-179.6419219970703,173.23712158203125,-61.88823699951172,-0.05374560132622719,-0.9705849289894104,-0.23468336462974548,-110.71180725097656,14.191910743713379,-58.480377197265625,0.0,0.13669200241565704,44.72588348388672,0,1,1,1,1,-222.62710571289062,142.9708709716797,-50.38413619995117,-250.0895538330078,151.7535858154297,-94.11209869384766,push,21,2025-11-18T12:12:21.980511,my_hand_data\videos\push_seq21_20251118_121218_848085.avi,89.55412122468752,360,90,HIGH,VIDEO_RECORDING,2025-11-18T12:12:22.935051
2025-11-18 12:12:21.996483,282,302,HandType.Right,0.8261966705322266,-180.93057250976562,173.39596557617188,-62.53638458251953,-0.05483619123697281,-0.9704565405845642,-0.2349618673324585,-118.48558807373047,14.605481147766113,-59.594085693359375,0.0,0.14454495906829834,44.4679069519043,0,1,1,1,1,-224.05955505371094,143.24720764160156,-51.081111907958984,-251.3164520263672,151.84239196777344,-94.62028503417969,push,21,2025-11-18T12:12:21.996483,my_hand_data\videos\push_seq21_20251118_121218_848085.avi,89.55412122468752,360,90,HIGH,VIDEO_RECORDING,2025-11-18T12:12:22.935051
2025-11-18 12:12:21.996483,283,302,HandType.Right,0.8249250054359436,-182.09324645996094,173.53639221191406,-63.15083694458008,-0.05669507384300232,-0.9701348543167114,-0.23584751784801483,-106.71534729003906,12.889298439025879,-56.397926330566406,0.0,0.15575774013996124,44.160160064697266,0,1,1,1,1,-225.4171905517578,143.50387573242188,-51.75031661987305,-252.3316192626953,151.89202880859375,-95.05128479003906,push,21,2025-11-18T12:12:21.996483,my_hand_data\videos\push_seq21_20251118_121218_848085.avi,89.55412122468752,360,90,HIGH,VIDEO_RECORDING,2025-11-18T12:12:22.935051
2025-11-18 12:12:22.012425,284,302,HandType.Right,0.8236600160598755,-183.22238159179688,173.63430786132812,-63.850860595703125,-0.05886862426996231,-0.9698265790939331,-0.23658165335655212,-101.41320037841797,8.793785095214844,-62.872615814208984,0.0,0.16492348909378052,43.955101013183594,0,1,1,1,1,-226.62075805664062,143.69329833984375,-52.415409088134766,-253.17486572265625,151.71871948242188,-95.61268615722656,push,21,2025-11-18T12:12:22.012425,my_hand_data\videos\push_seq21_20251118_121218_848085.avi,89.55412122468752,360,90,HIGH,VIDEO_RECORDING,2025-11-18T12:12:22.935051
2025-11-18 12:12:22.028069,285,302,HandType.Right,0.8229785561561584,-184.31471252441406,173.62498474121094,-64.51293182373047,-0.05967017263174057,-0.9695467352867126,-0.2375260889530182,-95.30036163330078,-0.8135184049606323,-57.7618293762207,0.0,0.1663263440132141,43.8831787109375,0,1,1,1,1,-227.8040313720703,143.8013916015625,-53.077232360839844,-254.2763671875,151.75254821777344,-96.27667236328125,push,21,2025-11-18T12:12:22.028069,my_hand_data\videos\push_seq21_20251118_121218_848085.avi,89.55412122468752,360,90,HIGH,VIDEO_RECORDING,2025-11-18T12:12:22.935051
2025-11-18 12:12:22.043913,286,302,HandType.Right,0.821674108505249,-185.56423950195312,173.77247619628906,-65.22142791748047,-0.06105613708496094,-0.9692899584770203,-0.23822081089019775,-112.67230987548828,13.299836158752441,-63.886573791503906,0.0,0.17590592801570892,43.68528747558594,0,1,1,1,1,-229.0977783203125,144.00970458984375,-53.79576110839844,-255.1817626953125,151.69830322265625,-96.86128997802734,push,21,2025-11-18T12:12:22.043913,my_hand_data\videos\push_seq21_20251118_121218_848085.avi,89.55412122468752,360,90,HIGH,VIDEO_RECORDING,2025-11-18T12:12:22.935051
2025-11-18 12:12:22.049014,287,302,HandType.Right,0.820124626159668,-186.68325805664062,173.83702087402344,-65.83856201171875,-0.06205170601606369,-0.9691034555435181,-0.23872165381908417,-103.27725982666016,5.957892894744873,-56.95735549926758,0.0,0.18135403096675873,43.51096725463867,0,1,1,1,1,-230.3729705810547,144.14093017578125,-54.443931579589844,-256.2294006347656,151.69845581054688,-97.43102264404297,push,21,2025-11-18T12:12:22.051020,my_hand_data\videos\push_seq21_20251118_121218_848085.avi,89.55412122468752,360,90,HIGH,VIDEO_RECORDING,2025-11-18T12:12:22.935051
2025-11-18 12:12:22.053026,288,302,HandType.Right,0.8186321258544922,-187.85208129882812,173.9862823486328,-66.53499603271484,-0.0630803182721138,-0.9690338969230652,-0.2387346625328064,-105.5759506225586,13.482133865356445,-62.905818939208984,0.0,0.18675966560840607,43.352752685546875,0,1,1,1,1,-231.57763671875,144.36541748046875,-55.170597076416016,-257.2613830566406,151.63453674316406,-98.07435607910156,push,21,2025-11-18T12:12:22.053026,my_hand_data\videos\push_seq21_20251118_121218_848085.avi,89.55412122468752,360,90,HIGH,VIDEO_RECORDING,2025-11-18T12:12:22.935051
2025-11-18 12:12:22.075952,289,302,HandType.Right,0.817806601524353,-189.027099609375,174.1849822998047,-67.23799133300781,-0.06471634656190872,-0.9688994884490967,-0.2388422042131424,-102.63896942138672,17.356014251708984,-61.40807342529297,0.0,0.19802460074424744,43.13396072387695,0,1,1,1,1,-232.76197814941406,144.55113220214844,-55.899105072021484,-258.0111389160156,151.52886962890625,-98.62112426757812,push,21,2025-11-18T12:12:22.075952,my_hand_data\videos\push_seq21_20251118_121218_848085.avi,89.55412122468752,360,90,HIGH,VIDEO_RECORDING,2025-11-18T12:12:22.935051
2025-11-18 12:12:22.080002,290,302,HandType.Right,0.8170850276947021,-190.27940368652344,174.45541381835938,-67.84567260742188,-0.06546825915575027,-0.9685854911804199,-0.2399083524942398,-114.48107147216797,24.7218017578125,-55.551822662353516,0.0,0.2087792009115219,42.86927032470703,0,1,1,1,1,-234.03273010253906,144.8358917236328,-56.57628631591797,-258.896240234375,151.57765197753906,-99.0989990234375,push,21,2025-11-18T12:12:22.080002,my_hand_data\videos\push_seq21_20251118_121218_848085.avi,89.55412122468752,360,90,HIGH,VIDEO_RECORDING,2025-11-18T12:12:22.935051
2025-11-18 12:12:22.091710,291,302,HandType.Right,0.8156017065048218,-191.5417938232422,174.65475463867188,-68.43412017822266,-0.06595354527235031,-0.9680832028388977,-0.24179552495479584,-113.65673828125,17.947843551635742,-52.979942321777344,0.0,0.2184230536222458,42.61542892456055,0,1,1,1,1,-235.34765625,145.11538696289062,-57.231143951416016,-259.93115234375,151.67138671875,-99.53704833984375,push,21,2025-11-18T12:12:22.091710,my_hand_data\videos\push_seq21_20251118_121218_848085.avi,89.55412122468752,360,90,HIGH,VIDEO_RECORDING,2025-11-18T12:12:22.935051
2025-11-18 12:12:22.107530,292,302,HandType.Right,0.8136602640151978,-192.84954833984375,174.7608184814453,-69.05032348632812,-0.06573759019374847,-0.9676061272621155,-0.24375596642494202,-119.09259796142578,9.658516883850098,-56.11481857299805,0.0,0.22730179131031036,42.34297561645508,0,1,1,1,1,-236.67835998535156,145.38284301757812,-57.922935485839844,-261.0533752441406,151.66732788085938,-100.01766967773438,push,21,2025-11-18T12:12:22.107530,my_hand_data\videos\push_seq21_20251118_121218_848085.avi,89.55412122468752,360,90,HIGH,VIDEO_RECORDING,2025-11-18T12:12:22.935051
2025-11-18 12:12:22.107530,293,302,HandType.Right,0.8134077787399292,-193.95718383789062,174.81085205078125,-69.65550231933594,-0.06610715389251709,-0.9674379825592041,-0.24432271718978882,-96.2078857421875,4.346321105957031,-52.56494903564453,0.0,0.23107995092868805,42.22038650512695,0,1,1,1,1,-237.806640625,145.4552459716797,-58.55689239501953,-262.1368713378906,151.65234375,-100.5293197631836,push,21,2025-11-18T12:12:22.107530,my_hand_data\videos\push_seq21_20251118_121218_848085.avi,89.55412122468752,360,90,HIGH,VIDEO_RECORDING,2025-11-18T12:12:22.935051
2025-11-18 12:12:22.123589,294,302,HandType.Right,0.8126325011253357,-194.9300079345703,174.83262634277344,-70.30841064453125,-0.06661424785852432,-0.9671933650970459,-0.24515201151371002,-88.42193603515625,1.978600025177002,-59.3447380065918,0.0,0.23275825381278992,42.15768814086914,0,1,1,1,1,-238.84213256835938,145.5478057861328,-59.23704528808594,-263.1744384765625,151.7036895751953,-101.1424789428711,push,21,2025-11-18T12:12:22.123589,my_hand_data\videos\push_seq21_20251118_121218_848085.avi,89.55412122468752,360,90,HIGH,VIDEO_RECORDING,2025-11-18T12:12:22.935051
2025-11-18 12:12:22.139368,295,302,HandType.Right,0.8116021752357483,-196.1104736328125,175.00042724609375,-70.9814682006836,-0.06730835139751434,-0.9670098423957825,-0.24568597972393036,-101.6684799194336,14.452219009399414,-57.96751022338867,0.0,0.23682838678359985,42.02922821044922,0,1,1,1,1,-240.14764404296875,145.74461364746094,-59.95635223388672,-264.35748291015625,151.86766052246094,-101.76348876953125,push,21,2025-11-18T12:12:22.139368,my_hand_data\videos\push_seq21_20251118_121218_848085.avi,89.55412122468752,360,90,HIGH,VIDEO_RECORDING,2025-11-18T12:12:22.935051
2025-11-18 12:12:22.141375,296,302,HandType.Right,0.8107466101646423,-197.29100036621094,175.1424560546875,-71.639892578125,-0.06748330593109131,-0.9668818712234497,-0.24614112079143524,-112.29122161865234,13.509598731994629,-62.62944793701172,0.0,0.23843812942504883,41.962440490722656,0,1,1,1,1,-241.40733337402344,145.96951293945312,-60.61308670043945,-265.52081298828125,152.0010528564453,-102.41669464111328,push,21,2025-11-18T12:12:22.141375,my_hand_data\videos\push_seq21_20251118_121218_848085.avi,89.55412122468752,360,90,HIGH,VIDEO_RECORDING,2025-11-18T12:12:22.935051
2025-11-18 12:12:22.171107,297,302,HandType.Right,0.8079124689102173,-199.6265411376953,175.36468505859375,-72.75050354003906,-0.06616753339767456,-0.966427206993103,-0.2482747584581375,-106.1904067993164,13.705038070678711,-50.354122161865234,0.0,0.25378182530403137,41.55033874511719,0,1,1,1,1,-243.9349822998047,146.3292236328125,-61.749759674072266,-267.4694519042969,151.99273681640625,-103.28611755371094,push,21,2025-11-18T12:12:22.171107,my_hand_data\videos\push_seq21_20251118_121218_848085.avi,89.55412122468752,360,90,HIGH,VIDEO_RECORDING,2025-11-18T12:12:22.935051
2025-11-18 12:12:22.176174,298,302,HandType.Right,0.8079124689102173,-199.6265411376953,175.36468505859375,-72.75050354003906,-0.06616753339767456,-0.966427206993103,-0.2482747584581375,-106.1904067993164,13.705038070678711,-50.354122161865234,0.0,0.25378182530403137,41.55033874511719,0,1,1,1,1,-243.9349822998047,146.3292236328125,-61.749759674072266,-267.4694519042969,151.99273681640625,-103.28611755371094,push,21,2025-11-18T12:12:22.176174,my_hand_data\videos\push_seq21_20251118_121218_848085.avi,89.55412122468752,360,90,HIGH,VIDEO_RECORDING,2025-11-18T12:12:22.935051
2025-11-18 12:12:22.176174,299,302,HandType.Right,0.8062874674797058,-200.74032592773438,175.4552001953125,-73.3529281616211,-0.06605127453804016,-0.9664217233657837,-0.24832706153392792,-103.00408172607422,8.37093448638916,-55.71255874633789,0.0,0.26237788796424866,41.33338165283203,0,1,1,1,1,-245.1201171875,146.4873504638672,-62.359291076660156,-268.43023681640625,151.9726104736328,-103.68077087402344,push,21,2025-11-18T12:12:22.176174,my_hand_data\videos\push_seq21_20251118_121218_848085.avi,89.55412122468752,360,90,HIGH,VIDEO_RECORDING,2025-11-18T12:12:22.935051
2025-11-18 12:12:22.203110,300,302,HandType.Right,0.8049484491348267,-202.73243713378906,175.5081787109375,-74.51121520996094,-0.06604719907045364,-0.9665573835372925,-0.24779939651489258,-92.14176177978516,2.2484381198883057,-51.888999938964844,0.0,0.27091357111930847,41.057621002197266,0,1,1,1,1,-247.3401641845703,146.6334228515625,-63.518760681152344,-270.5150146484375,151.96446228027344,-104.56999206542969,push,21,2025-11-18T12:12:22.203110,my_hand_data\videos\push_seq21_20251118_121218_848085.avi,89.55412122468752,360,90,HIGH,VIDEO_RECORDING,2025-11-18T12:12:22.935051
2025-11-18 12:12:22.203110,301,302,HandType.Right,0.8049484491348267,-202.73243713378906,175.5081787109375,-74.51121520996094,-0.06604719907045364,-0.9665573835372925,-0.24779939651489258,-92.14176177978516,2.2484381198883057,-51.888999938964844,0.0,0.27091357111930847,41.057621002197266,0,1,1,1,1,-247.3401641845703,146.6334228515625,-63.518760681152344,-270.5150146484375,151.96446228027344,-104.56999206542969,push,21,2025-11-18T12:12:22.203110,my_hand_data\videos\push_seq21_20251118_121218_848085.avi,89.55412122468752,360,90,HIGH,VIDEO_RECORDING,2025-11-18T12:12:22.935051
2025-11-18 12:12:22.203110,302,302,HandType.Right,0.8026974201202393,-203.86769104003906,175.51138305664062,-75.13007354736328,-0.0657237246632576,-0.9665538668632507,-0.24789918959140778,-99.31377410888672,0.2814975678920746,-54.13831329345703,0.0,0.2723800539970398,40.96529769897461,0,1,1,1,1,-248.57962036132812,146.78323364257812,-64.12455749511719,-271.75421142578125,152.02862548828125,-105.12081909179688,push,21,2025-11-18T12:12:22.203110,my_hand_data\videos\push_seq21_20251118_121218_848085.avi,89.55412122468752,360,90,HIGH,VIDEO_RECORDING,2025-11-18T12:12:22.935051
2025-11-18 12:12:22.235006,303,302,HandType.Right,0.8004662990570068,-206.11521911621094,175.70594787597656,-76.20854187011719,-0.06518527865409851,-0.9665681719779968,-0.24798549711704254,-103.988037109375,15.246358871459961,-51.388675689697266,0.0,0.2781512141227722,40.771575927734375,0,1,1,1,1,-251.05848693847656,147.14208984375,-65.17574310302734,-273.8703308105469,152.11392211914062,-106.15447235107422,push,21,2025-11-18T12:12:22.235006,my_hand_data\videos\push_seq21_20251118_121218_848085.avi,89.55412122468752,360,90,HIGH,VIDEO_RECORDING,2025-11-18T12:12:22.935051
2025-11-18 12:12:22.239252,304,302,HandType.Right,0.8004662990570068,-206.11521911621094,175.70594787597656,-76.20854187011719,-0.06518527865409851,-0.9665681719779968,-0.24798549711704254,-103.988037109375,15.246358871459961,-51.388675689697266,0.0,0.2781512141227722,40.771575927734375,0,1,1,1,1,-251.05848693847656,147.14208984375,-65.17574310302734,-273.8703308105469,152.11392211914062,-106.15447235107422,push,21,2025-11-18T12:12:22.239252,my_hand_data\videos\push_seq21_20251118_121218_848085.avi,89.55412122468752,360,90,HIGH,VIDEO_RECORDING,2025-11-18T12:12:22.935051
2025-11-18 12:12:22.239252,305,302,HandType.Right,0.7989229559898376,-207.29408264160156,175.86477661132812,-76.79295349121094,-0.0650985836982727,-0.9667387008666992,-0.24734286963939667,-104.18586730957031,14.036849975585938,-51.64900588989258,0.0,0.2793428897857666,40.687496185302734,0,1,1,1,1,-252.30181884765625,147.31150817871094,-65.77086639404297,-275.14453125,152.2264404296875,-106.68061828613281,push,21,2025-11-18T12:12:22.239252,my_hand_data\videos\push_seq21_20251118_121218_848085.avi,89.55412122468752,360,90,HIGH,VIDEO_RECORDING,2025-11-18T12:12:22.935051
2025-11-18 12:12:22.267116,306,302,HandType.Right,0.7954787611961365,-209.73318481445312,176.0462646484375,-77.88513946533203,-0.0633498802781105,-0.9665848612785339,-0.2483958750963211,-102.91461944580078,2.2916512489318848,-43.38803482055664,0.0,0.29351603984832764,40.20561599731445,1,1,1,1,1,-254.96038818359375,147.6356964111328,-66.93707275390625,-277.12896728515625,152.09449768066406,-107.66783142089844,push,21,2025-11-18T12:12:22.267116,my_hand_data\videos\push_seq21_20251118_121218_848085.avi,89.55412122468752,360,90,HIGH,VIDEO_RECORDING,2025-11-18T12:12:22.935051
2025-11-18 12:12:22.272533,307,302,HandType.Right,0.7954787611961365,-209.73318481445312,176.0462646484375,-77.88513946533203,-0.0633498802781105,-0.9665848612785339,-0.2483958750963211,-102.91461944580078,2.2916512489318848,-43.38803482055664,0.0,0.29351603984832764,40.20561599731445,1,1,1,1,1,-254.96038818359375,147.6356964111328,-66.93707275390625,-277.12896728515625,152.09449768066406,-107.66783142089844,push,21,2025-11-18T12:12:22.272533,my_hand_data\videos\push_seq21_20251118_121218_848085.avi,89.55412122468752,360,90,HIGH,VIDEO_RECORDING,2025-11-18T12:12:22.935051
2025-11-18 12:12:22.283035,308,302,HandType.Right,0.793596625328064,-210.8570556640625,176.04449462890625,-78.33414459228516,-0.0626535564661026,-0.9664093255996704,-0.24925394356250763,-106.73999786376953,-0.16747330129146576,-42.644309997558594,0.0,0.3067534863948822,39.815433502197266,1,1,1,1,1,-256.216064453125,147.67503356933594,-67.48519134521484,-277.8364562988281,151.82574462890625,-107.98986053466797,push,21,2025-11-18T12:12:22.283035,my_hand_data\videos\push_seq21_20251118_121218_848085.avi,89.55412122468752,360,90,HIGH,VIDEO_RECORDING,2025-11-18T12:12:22.935051
2025-11-18 12:12:22.298992,309,302,HandType.Right,0.7923053503036499,-211.89678955078125,176.10577392578125,-78.87694549560547,-0.0628703162074089,-0.9662403464317322,-0.24985380470752716,-90.08258819580078,5.308431148529053,-47.02834701538086,0.0,0.31417515873908997,39.6019287109375,1,1,1,1,1,-257.342041015625,147.707763671875,-68.05845642089844,-278.5748596191406,151.6560821533203,-108.47627258300781,push,21,2025-11-18T12:12:22.298992,my_hand_data\videos\push_seq21_20251118_121218_848085.avi,89.55412122468752,360,90,HIGH,VIDEO_RECORDING,2025-11-18T12:12:22.935051
2025-11-18 12:12:22.306953,310,302,HandType.Right,0.7903106212615967,-212.97235107421875,176.12738037109375,-79.5137710571289,-0.06258948892354965,-0.9660705327987671,-0.2505798637866974,-97.6278305053711,1.9616259336471558,-57.80423355102539,0.0,0.3168259859085083,39.47682571411133,1,1,1,1,1,-258.4430236816406,147.72158813476562,-68.7108383178711,-279.5586853027344,151.48626708984375,-109.09477996826172,push,21,2025-11-18T12:12:22.306953,my_hand_data\videos\push_seq21_20251118_121218_848085.avi,89.55412122468752,360,90,HIGH,VIDEO_RECORDING,2025-11-18T12:12:22.935051
2025-11-18 12:12:22.306953,311,302,HandType.Right,0.7889909744262695,-214.0717315673828,176.15750122070312,-80.13265228271484,-0.06270492076873779,-0.9660936594009399,-0.2504618167877197,-96.14221954345703,2.6342694759368896,-54.121891021728516,0.0,0.32606780529022217,39.265262603759766,1,1,1,1,1,-259.5625,147.70010375976562,-69.34980773925781,-280.3210754394531,151.27085876464844,-109.55122375488281,push,21,2025-11-18T12:12:22.306953,my_hand_data\videos\push_seq21_20251118_121218_848085.avi,89.55412122468752,360,90,HIGH,VIDEO_RECORDING,2025-11-18T12:12:22.935051
2025-11-18 12:12:22.330948,312,302,HandType.Right,0.7887864708900452,-215.2431182861328,176.19581604003906,-80.84880065917969,-0.06303218007087708,-0.9664589762687683,-0.24896590411663055,-108.03080749511719,3.533704996109009,-66.04690551757812,0.0,0.33018144965171814,39.1815071105957,1,1,1,1,1,-260.7455139160156,147.66941833496094,-70.0965805053711,-281.3881530761719,151.21034240722656,-110.18243408203125,push,21,2025-11-18T12:12:22.330948,my_hand_data\videos\push_seq21_20251118_121218_848085.avi,89.55412122468752,360,90,HIGH,VIDEO_RECORDING,2025-11-18T12:12:22.935051
2025-11-18 12:12:22.330948,313,302,HandType.Right,0.7875875234603882,-216.44174194335938,176.1626434326172,-81.40577697753906,-0.06281071156263351,-0.9665802121162415,-0.24855083227157593,-107.3359603881836,-2.970635175704956,-49.876556396484375,0.0,0.3365555703639984,39.021514892578125,1,1,1,1,1,-262.02093505859375,147.52215576171875,-70.76219177246094,-282.4551696777344,151.09130859375,-110.68452453613281,push,21,2025-11-18T12:12:22.330948,my_hand_data\videos\push_seq21_20251118_121218_848085.avi,89.55412122468752,360,90,HIGH,VIDEO_RECORDING,2025-11-18T12:12:22.935051
2025-11-18 12:12:22.347026,314,302,HandType.Right,0.7859370708465576,-217.59683227539062,176.0663604736328,-81.99047088623047,-0.06215577572584152,-0.9667257070541382,-0.24814920127391815,-103.08808898925781,-8.593202590942383,-52.18143081665039,0.0,0.34084853529930115,38.923336029052734,1,1,1,1,1,-263.2305908203125,147.3682861328125,-71.38545989990234,-283.4863586425781,150.9292755126953,-111.21605682373047,push,21,2025-11-18T12:12:22.347026,my_hand_data\videos\push_seq21_20251118_121218_848085.avi,89.55412122468752,360,90,HIGH,VIDEO_RECORDING,2025-11-18T12:12:22.935051
2025-11-18 12:12:22.362879,315,302,HandType.Right,0.7844212055206299,-218.6549835205078,175.812255859375,-82.58174896240234,-0.06060050055384636,-0.9668099880218506,-0.24820555746555328,-97.13072967529297,-23.324575424194336,-54.2761116027832,0.00041115249041467905,0.34842783212661743,38.69040298461914,1,1,1,1,1,-264.3499755859375,147.13177490234375,-72.00289154052734,-284.30731201171875,150.48878479003906,-111.68699645996094,push,21,2025-11-18T12:12:22.362879,my_hand_data\videos\push_seq21_20251118_121218_848085.avi,89.55412122468752,360,90,HIGH,VIDEO_RECORDING,2025-11-18T12:12:22.935051
2025-11-18 12:12:22.367015,316,302,HandType.Right,0.7844623923301697,-219.85250854492188,175.6737060546875,-83.13551330566406,-0.059451863169670105,-0.9668593406677246,-0.24829110503196716,-109.39352416992188,-12.657490730285645,-50.58600616455078,0.0,0.3560526967048645,38.45000457763672,1,1,1,1,1,-265.6230773925781,146.95321655273438,-72.56098175048828,-285.177734375,149.9916534423828,-112.15564727783203,push,21,2025-11-18T12:12:22.367015,my_hand_data\videos\push_seq21_20251118_121218_848085.avi,89.55412122468752,360,90,HIGH,VIDEO_RECORDING,2025-11-18T12:12:22.935051
2025-11-18 12:12:22.394115,317,302,HandType.Right,0.7816136479377747,-222.1605987548828,175.48622131347656,-83.9496841430664,-0.05743597447872162,-0.9662132263183594,-0.2512631118297577,-100.20277404785156,-7.248201370239258,-38.01127624511719,0.0038251958321779966,0.3814416229724884,37.736122131347656,1,1,1,1,1,-267.9637145996094,146.6372833251953,-73.6244888305664,-286.72369384765625,149.2608642578125,-112.60008239746094,push,21,2025-11-18T12:12:22.394439,my_hand_data\videos\push_seq21_20251118_121218_848085.avi,89.55412122468752,360,90,HIGH,VIDEO_RECORDING,2025-11-18T12:12:22.935051
2025-11-18 12:12:22.398642,318,302,HandType.Right,0.7816136479377747,-222.1605987548828,175.48622131347656,-83.9496841430664,-0.05743597447872162,-0.9662132263183594,-0.2512631118297577,-100.20277404785156,-7.248201370239258,-38.01127624511719,0.0038251958321779966,0.3814416229724884,37.736122131347656,1,1,1,1,1,-267.9637145996094,146.6372833251953,-73.6244888305664,-286.72369384765625,149.2608642578125,-112.60008239746094,push,21,2025-11-18T12:12:22.398642,my_hand_data\videos\push_seq21_20251118_121218_848085.avi,89.55412122468752,360,90,HIGH,VIDEO_RECORDING,2025-11-18T12:12:22.935051
2025-11-18 12:12:22.403834,319,302,HandType.Right,0.7811058759689331,-223.16578674316406,175.3192901611328,-84.36566925048828,-0.055533573031425476,-0.9655395746231079,-0.2542622983455658,-90.67990112304688,-15.059503555297852,-37.526248931884766,0.007720667403191328,0.3802604377269745,37.67966079711914,1,1,1,1,1,-269.07720947265625,146.38040161132812,-74.20935821533203,-288.10760498046875,149.2010955810547,-113.08574676513672,push,21,2025-11-18T12:12:22.403834,my_hand_data\videos\push_seq21_20251118_121218_848085.avi,89.55412122468752,360,90,HIGH,VIDEO_RECORDING,2025-11-18T12:12:22.935051
2025-11-18 12:12:22.425821,320,302,HandType.Right,0.7793459296226501,-225.12063598632812,174.94464111328125,-85.46080780029297,-0.05150791257619858,-0.9653534889221191,-0.25581157207489014,-92.54563903808594,-14.096466064453125,-47.55470657348633,0.008846763521432877,0.3740335702896118,37.75300598144531,1,1,1,1,1,-271.26971435546875,145.6048583984375,-75.55078887939453,-290.8905029296875,148.99853515625,-114.32901000976562,push,21,2025-11-18T12:12:22.425821,my_hand_data\videos\push_seq21_20251118_121218_848085.avi,89.55412122468752,360,90,HIGH,VIDEO_RECORDING,2025-11-18T12:12:22.935051
2025-11-18 12:12:22.425821,321,302,HandType.Right,0.7793459296226501,-225.12063598632812,174.94464111328125,-85.46080780029297,-0.05150791257619858,-0.9653534889221191,-0.25581157207489014,-92.54563903808594,-14.096466064453125,-47.55470657348633,0.008846763521432877,0.3740335702896118,37.75300598144531,1,1,1,1,1,-271.26971435546875,145.6048583984375,-75.55078887939453,-290.8905029296875,148.99853515625,-114.32901000976562,push,21,2025-11-18T12:12:22.425821,my_hand_data\videos\push_seq21_20251118_121218_848085.avi,89.55412122468752,360,90,HIGH,VIDEO_RECORDING,2025-11-18T12:12:22.935051
2025-11-18 12:12:22.425821,322,302,HandType.Right,0.7785428166389465,-226.07342529296875,174.8344268798828,-86.01266479492188,-0.05082791671156883,-0.9654632210731506,-0.2555333375930786,-85.25209045410156,-9.861021041870117,-49.379215240478516,0.014362011104822159,0.36447450518608093,38.02332305908203,1,1,1,1,1,-272.2613220214844,145.3725128173828,-76.16301727294922,-292.5306701660156,149.2791748046875,-114.94639587402344,push,21,2025-11-18T12:12:22.425821,my_hand_data\videos\push_seq21_20251118_121218_848085.avi,89.55412122468752,360,90,HIGH,VIDEO_RECORDING,2025-11-18T12:12:22.935051
2025-11-18 12:12:22.457524,323,302,HandType.Right,0.776347279548645,-227.96690368652344,174.28298950195312,-87.00767517089844,-0.046459000557661057,-0.965124785900116,-0.25763484835624695,-84.70341491699219,-25.560985565185547,-42.78098678588867,0.018847117200493813,0.35317614674568176,38.212852478027344,1,1,1,1,1,-274.2757873535156,144.84312438964844,-77.2151107788086,-295.0556945800781,149.2393035888672,-116.13534545898438,push,21,2025-11-18T12:12:22.457524,my_hand_data\videos\push_seq21_20251118_121218_848085.avi,89.55412122468752,360,90,HIGH,VIDEO_RECORDING,2025-11-18T12:12:22.935051
2025-11-18 12:12:22.457524,324,302,HandType.Right,0.776347279548645,-227.96690368652344,174.28298950195312,-87.00767517089844,-0.046459000557661057,-0.965124785900116,-0.25763484835624695,-84.70341491699219,-25.560985565185547,-42.78098678588867,0.018847117200493813,0.35317614674568176,38.212852478027344,1,1,1,1,1,-274.2757873535156,144.84312438964844,-77.2151107788086,-295.0556945800781,149.2393035888672,-116.13534545898438,push,21,2025-11-18T12:12:22.457524,my_hand_data\videos\push_seq21_20251118_121218_848085.avi,89.55412122468752,360,90,HIGH,VIDEO_RECORDING,2025-11-18T12:12:22.935051
2025-11-18 12:12:22.457524,325,302,HandType.Right,0.7760165333747864,-228.84039306640625,173.98080444335938,-87.51287841796875,-0.04387931898236275,-0.9651341438293457,-0.2580517530441284,-78.55804443359375,-27.177635192871094,-45.43641662597656,0.01579798012971878,0.3316464126110077,38.617557525634766,1,1,1,1,1,-275.32086181640625,144.4657745361328,-77.70777893066406,-297.2544860839844,149.40997314453125,-116.82019805908203,push,21,2025-11-18T12:12:22.457524,my_hand_data\videos\push_seq21_20251118_121218_848085.avi,89.55412122468752,360,90,HIGH,VIDEO_RECORDING,2025-11-18T12:12:22.935051
2025-11-18 12:12:22.489545,326,302,HandType.Right,0.7753636240959167,-231.00851440429688,173.63601684570312,-88.6536636352539,-0.040912941098213196,-0.964690625667572,-0.26018860936164856,-100.03870391845703,-7.581656455993652,-47.09815216064453,0.014611262828111649,0.3195495307445526,38.825984954833984,1,1,1,1,1,-277.70465087890625,144.20333862304688,-78.86405181884766,-300.05908203125,149.5805206298828,-118.19055938720703,push,21,2025-11-18T12:12:22.489545,my_hand_data\videos\push_seq21_20251118_121218_848085.avi,89.55412122468752,360,90,HIGH,VIDEO_RECORDING,2025-11-18T12:12:22.935051
2025-11-18 12:12:22.489545,327,302,HandType.Right,0.7753636240959167,-231.00851440429688,173.63601684570312,-88.6536636352539,-0.040912941098213196,-0.964690625667572,-0.26018860936164856,-100.03870391845703,-7.581656455993652,-47.09815216064453,0.014611262828111649,0.3195495307445526,38.825984954833984,1,1,1,1,1,-277.70465087890625,144.20333862304688,-78.86405181884766,-300.05908203125,149.5805206298828,-118.19055938720703,push,21,2025-11-18T12:12:22.489545,my_hand_data\videos\push_seq21_20251118_121218_848085.avi,89.55412122468752,360,90,HIGH,VIDEO_RECORDING,2025-11-18T12:12:22.935051
2025-11-18 12:12:22.505471,328,302,HandType.Right,0.7744131088256836,-232.1730499267578,173.6620635986328,-89.22218322753906,-0.03980104997754097,-0.9645096063613892,-0.26103076338768005,-101.79597473144531,2.2774949073791504,-49.69578170776367,0.015920858830213547,0.30994662642478943,39.047481536865234,1,1,1,1,1,-278.96630859375,144.27444458007812,-79.44298553466797,-301.7281799316406,149.93258666992188,-118.90243530273438,push,21,2025-11-18T12:12:22.505471,my_hand_data\videos\push_seq21_20251118_121218_848085.avi,89.55412122468752,360,90,HIGH,VIDEO_RECORDING,2025-11-18T12:12:22.935051
2025-11-18 12:12:22.521645,329,302,HandType.Right,0.7726213335990906,-234.19017028808594,173.4892120361328,-90.34381103515625,-0.036923300474882126,-0.9643375873565674,-0.26208725571632385,-94.12491607666016,-11.200738906860352,-52.05012130737305,0.0,0.2967427968978882,39.280269622802734,1,1,1,1,1,-281.2591247558594,144.28884887695312,-80.5515365600586,-304.77618408203125,150.45416259765625,-120.04431915283203,push,21,2025-11-18T12:12:22.521645,my_hand_data\videos\push_seq21_20251118_121218_848085.avi,89.55412122468752,360,90,HIGH,VIDEO_RECORDING,2025-11-18T12:12:22.935051
2025-11-18 12:12:22.525354,330,302,HandType.Right,0.7726213335990906,-234.19017028808594,173.4892120361328,-90.34381103515625,-0.036923300474882126,-0.9643375873565674,-0.26208725571632385,-94.12491607666016,-11.200738906860352,-52.05012130737305,0.0,0.2967427968978882,39.280269622802734,1,1,1,1,1,-281.2591247558594,144.28884887695312,-80.5515365600586,-304.77618408203125,150.45416259765625,-120.04431915283203,push,21,2025-11-18T12:12:22.525354,my_hand_data\videos\push_seq21_20251118_121218_848085.avi,89.55412122468752,360,90,HIGH,VIDEO_RECORDING,2025-11-18T12:12:22.935051
2025-11-18 12:12:22.537711,331,302,HandType.Right,0.7722574472427368,-235.16244506835938,173.42428588867188,-90.9670639038086,-0.03582354262471199,-0.9646145701408386,-0.26121917366981506,-85.00432586669922,-5.676684379577637,-54.48931884765625,0.0,0.2837388515472412,39.61703872680664,1,1,1,1,1,-282.30859375,144.13487243652344,-81.12321472167969,-306.4684753417969,150.76759338378906,-120.70103454589844,push,21,2025-11-18T12:12:22.537711,my_hand_data\videos\push_seq21_20251118_121218_848085.avi,89.55412122468752,360,90,HIGH,VIDEO_RECORDING,2025-11-18T12:12:22.935051
2025-11-18 12:12:22.553418,332,302,HandType.Right,0.7716671824455261,-236.2904815673828,173.52517700195312,-91.52201080322266,-0.03361938148736954,-0.9643184542655945,-0.2626015841960907,-106.76117706298828,9.548203468322754,-52.52194595336914,0.0015121841570362449,0.27859196066856384,39.7291145324707,1,1,1,1,1,-283.3721008300781,144.22032165527344,-81.6728515625,-307.7939758300781,150.93243408203125,-121.2970199584961,push,21,2025-11-18T12:12:22.553418,my_hand_data\videos\push_seq21_20251118_121218_848085.avi,89.55412122468752,360,90,HIGH,VIDEO_RECORDING,2025-11-18T12:12:22.935051
2025-11-18 12:12:22.558335,333,302,HandType.Right,0.7702315449714661,-237.23788452148438,173.4965362548828,-92.0976333618164,-0.03256220370531082,-0.96418696641922,-0.26321691274642944,-83.30328369140625,-2.517894744873047,-50.613372802734375,0.0015068372013047338,0.2786141037940979,39.72962951660156,1,1,1,1,1,-284.32965087890625,144.14459228515625,-82.22438049316406,-308.710205078125,150.85025024414062,-121.87370300292969,push,21,2025-11-18T12:12:22.558335,my_hand_data\videos\push_seq21_20251118_121218_848085.avi,89.55412122468752,360,90,HIGH,VIDEO_RECORDING,2025-11-18T12:12:22.935051
2025-11-18 12:12:22.569412,334,302,HandType.Right,0.7689955234527588,-238.17454528808594,173.48687744140625,-92.64983367919922,-0.0311773382127285,-0.9641281366348267,-0.2635999023914337,-85.62574768066406,-0.8833886384963989,-50.479732513427734,0.0,0.27030259370803833,39.87363052368164,1,1,1,1,1,-285.4584655761719,144.1324005126953,-82.68490600585938,-310.0810241699219,151.02549743652344,-122.51192474365234,push,21,2025-11-18T12:12:22.569412,my_hand_data\videos\push_seq21_20251118_121218_848085.avi,89.55412122468752,360,90,HIGH,VIDEO_RECORDING,2025-11-18T12:12:22.935051
2025-11-18 12:12:22.585180,335,302,HandType.Right,0.7688758373260498,-239.20120239257812,173.5575408935547,-93.25,-0.03021254390478134,-0.964138925075531,-0.263672798871994,-90.86202239990234,6.2544660568237305,-53.11679458618164,0.0,0.26535603404045105,39.92823028564453,1,1,1,1,1,-286.73089599609375,144.21559143066406,-83.21949768066406,-311.50616455078125,151.15957641601562,-123.16194915771484,push,21,2025-11-18T12:12:22.585180,my_hand_data\videos\push_seq21_20251118_121218_848085.avi,89.55412122468752,360,90,HIGH,VIDEO_RECORDING,2025-11-18T12:12:22.935051
2025-11-18 12:12:22.601290,336,302,HandType.Right,0.7668401002883911,-241.0599365234375,173.45921325683594,-94.23286437988281,-0.027412738651037216,-0.9642195105552673,-0.26368406414985657,-77.05215454101562,-7.5554118156433105,-41.14241409301758,0.0,0.2679102420806885,39.957733154296875,1,1,1,1,1,-288.630615234375,143.9098358154297,-84.2002182006836,-313.0902404785156,150.98915100097656,-124.20513916015625,push,21,2025-11-18T12:12:22.601290,my_hand_data\videos\push_seq21_20251118_121218_848085.avi,89.55412122468752,360,90,HIGH,VIDEO_RECORDING,2025-11-18T12:12:22.935051
2025-11-18 12:12:22.606152,337,302,HandType.Right,0.7668401002883911,-241.0599365234375,173.45921325683594,-94.23286437988281,-0.027412738651037216,-0.9642195105552673,-0.26368406414985657,-77.05215454101562,-7.5554118156433105,-41.14241409301758,0.0,0.2679102420806885,39.957733154296875,1,1,1,1,1,-288.630615234375,143.9098358154297,-84.2002182006836,-313.0902404785156,150.98915100097656,-124.20513916015625,push,21,2025-11-18T12:12:22.606152,my_hand_data\videos\push_seq21_20251118_121218_848085.avi,89.55412122468752,360,90,HIGH,VIDEO_RECORDING,2025-11-18T12:12:22.935051
2025-11-18 12:12:22.613140,338,302,HandType.Right,0.7649713158607483,-242.02647399902344,173.46778869628906,-94.69491577148438,-0.02634345181286335,-0.9641705751419067,-0.26397189497947693,-88.43009948730469,0.7840903997421265,-42.27351760864258,0.0,0.27166780829429626,39.93363571166992,1,1,1,1,1,-289.58013916015625,143.7722930908203,-84.67948913574219,-313.88360595703125,150.93408203125,-124.60249328613281,push,21,2025-11-18T12:12:22.613140,my_hand_data\videos\push_seq21_20251118_121218_848085.avi,89.55412122468752,360,90,HIGH,VIDEO_RECORDING,2025-11-18T12:12:22.935051
2025-11-18 12:12:22.632697,339,302,HandType.Right,0.7634413242340088,-243.65216064453125,173.45297241210938,-95.47537231445312,-0.024281326681375504,-0.963701069355011,-0.2658771276473999,-65.92244720458984,-4.20726203918457,-36.93961715698242,0.0002738695766311139,0.27139392495155334,39.986778259277344,1,1,1,1,1,-291.2969665527344,143.47312927246094,-85.41092681884766,-315.4828796386719,150.80078125,-125.39149475097656,push,21,2025-11-18T12:12:22.632697,my_hand_data\videos\push_seq21_20251118_121218_848085.avi,89.55412122468752,360,90,HIGH,VIDEO_RECORDING,2025-11-18T12:12:22.935051
2025-11-18 12:12:22.632697,340,302,HandType.Right,0.7634413242340088,-243.65216064453125,173.45297241210938,-95.47537231445312,-0.024281326681375504,-0.963701069355011,-0.2658771276473999,-65.92244720458984,-4.20726203918457,-36.93961715698242,0.0002738695766311139,0.27139392495155334,39.986778259277344,1,1,1,1,1,-291.2969665527344,143.47312927246094,-85.41092681884766,-315.4828796386719,150.80078125,-125.39149475097656,push,21,2025-11-18T12:12:22.632697,my_hand_data\videos\push_seq21_20251118_121218_848085.avi,89.55412122468752,360,90,HIGH,VIDEO_RECORDING,2025-11-18T12:12:22.935051
2025-11-18 12:12:22.643675,341,302,HandType.Right,0.7628741264343262,-244.34237670898438,173.3712615966797,-95.87031555175781,-0.02385629341006279,-0.9637362957000732,-0.26578789949417114,-61.270599365234375,-7.254152774810791,-35.059234619140625,0.0007666071178391576,0.2699795663356781,40.117218017578125,1,1,1,1,1,-292.009765625,143.15176391601562,-85.74979400634766,-316.1206359863281,150.68548583984375,-125.79631805419922,push,21,2025-11-18T12:12:22.643675,my_hand_data\videos\push_seq21_20251118_121218_848085.avi,89.55412122468752,360,90,HIGH,VIDEO_RECORDING,2025-11-18T12:12:22.935051
2025-11-18 12:12:22.664459,342,302,HandType.Right,0.7629669904708862,-245.24368286132812,173.342041015625,-96.33927917480469,-0.023633627220988274,-0.9637179970741272,-0.2658741772174835,-84.12376403808594,-2.7269351482391357,-43.771087646484375,0.0006098820012994111,0.26138246059417725,40.29722213745117,1,1,1,1,1,-292.9561462402344,143.16693115234375,-86.1347885131836,-317.2948303222656,150.7761993408203,-126.39753723144531,push,21,2025-11-18T12:12:22.664459,my_hand_data\videos\push_seq21_20251118_121218_848085.avi,89.55412122468752,360,90,HIGH,VIDEO_RECORDING,2025-11-18T12:12:22.935051
2025-11-18 12:12:22.668713,343,302,HandType.Right,0.7614754438400269,-246.0455322265625,173.14537048339844,-96.72592163085938,-0.022264041006565094,-0.9634906649589539,-0.26681455969810486,-71.73532104492188,-17.594507217407227,-34.58954620361328,0.0,0.250672310590744,40.49181365966797,1,1,1,1,1,-293.7771301269531,143.10423278808594,-86.49119567871094,-318.4166564941406,150.86080932617188,-126.99880981445312,push,21,2025-11-18T12:12:22.668713,my_hand_data\videos\push_seq21_20251118_121218_848085.avi,89.55412122468752,360,90,HIGH,VIDEO_RECORDING,2025-11-18T12:12:22.935051
2025-11-18 12:12:22.680569,344,302,HandType.Right,0.760478675365448,-246.8688201904297,173.0498504638672,-97.05757141113281,-0.020762519910931587,-0.9631990790367126,-0.26798588037490845,-73.92997741699219,-8.577811241149902,-29.781953811645508,0.0,0.2508746087551117,40.53041458129883,1,1,1,1,1,-294.5758972167969,142.87933349609375,-86.80545806884766,-319.17529296875,150.63404846191406,-127.32887268066406,push,21,2025-11-18T12:12:22.680569,my_hand_data\videos\push_seq21_20251118_121218_848085.avi,89.55412122468752,360,90,HIGH,VIDEO_RECORDING,2025-11-18T12:12:22.935051
2025-11-18 12:12:22.695857,345,302,HandType.Right,0.7602640390396118,-247.58836364746094,173.02613830566406,-97.40925598144531,-0.01968340016901493,-0.9632617235183716,-0.2678421139717102,-64.46952819824219,-2.124067544937134,-31.510087966918945,0.0,0.2515502870082855,40.538047790527344,1,1,1,1,1,-295.2763366699219,142.78916931152344,-87.1488037109375,-319.78094482421875,150.44448852539062,-127.71356201171875,push,21,2025-11-18T12:12:22.695857,my_hand_data\videos\push_seq21_20251118_121218_848085.avi,89.55412122468752,360,90,HIGH,VIDEO_RECORDING,2025-11-18T12:12:22.935051
2025-11-18 12:12:22.700982,346,302,HandType.Right,0.7587910890579224,-248.251708984375,172.96595764160156,-97.76246643066406,-0.01889106258749962,-0.9633510112762451,-0.26757800579071045,-59.74477005004883,-5.421025276184082,-31.81191635131836,0.0,0.2498835027217865,40.59394836425781,1,1,1,1,1,-295.92559814453125,142.6800537109375,-87.50318145751953,-320.50262451171875,150.41427612304688,-128.07449340820312,push,21,2025-11-18T12:12:22.700982,my_hand_data\videos\push_seq21_20251118_121218_848085.avi,89.55412122468752,360,90,HIGH,VIDEO_RECORDING,2025-11-18T12:12:22.935051
2025-11-18 12:12:22.727654,347,302,HandType.Right,0.7572996020317078,-249.17367553710938,172.8138885498047,-98.30083465576172,-0.01679379865527153,-0.9634822607040405,-0.26724502444267273,-33.46187973022461,-7.493765830993652,-21.564157485961914,0.0,0.24621258676052094,40.718955993652344,1,1,1,1,1,-296.838134765625,142.38607788085938,-87.99571228027344,-321.57177734375,150.3275146484375,-128.5751953125,push,21,2025-11-18T12:12:22.727654,my_hand_data\videos\push_seq21_20251118_121218_848085.avi,89.55412122468752,360,90,HIGH,VIDEO_RECORDING,2025-11-18T12:12:22.935051
2025-11-18 12:12:22.727654,348,302,HandType.Right,0.7572996020317078,-249.17367553710938,172.8138885498047,-98.30083465576172,-0.01679379865527153,-0.9634822607040405,-0.26724502444267273,-33.46187973022461,-7.493765830993652,-21.564157485961914,0.0,0.24621258676052094,40.718955993652344,1,1,1,1,1,-296.838134765625,142.38607788085938,-87.99571228027344,-321.57177734375,150.3275146484375,-128.5751953125,push,21,2025-11-18T12:12:22.727654,my_hand_data\videos\push_seq21_20251118_121218_848085.avi,89.55412122468752,360,90,HIGH,VIDEO_RECORDING,2025-11-18T12:12:22.935051
2025-11-18 12:12:22.727654,349,302,HandType.Right,0.7559860944747925,-249.67550659179688,172.74220275878906,-98.53440856933594,-0.015481743961572647,-0.963422954082489,-0.26753783226013184,-45.06399154663086,-6.437263488769531,-20.974769592285156,0.0,0.24710728228092194,40.65458297729492,1,1,1,1,1,-297.3863830566406,142.4348907470703,-88.22462463378906,-322.090087890625,150.328125,-128.78802490234375,push,21,2025-11-18T12:12:22.727654,my_hand_data\videos\push_seq21_20251118_121218_848085.avi,89.55412122468752,360,90,HIGH,VIDEO_RECORDING,2025-11-18T12:12:22.935051
2025-11-18 12:12:22.743699,350,302,HandType.Right,0.7559860944747925,-249.67550659179688,172.74220275878906,-98.53440856933594,-0.015481743961572647,-0.963422954082489,-0.26753783226013184,-45.06399154663086,-6.437263488769531,-20.974769592285156,0.0,0.24710728228092194,40.65458297729492,1,1,1,1,1,-297.3863830566406,142.4348907470703,-88.22462463378906,-322.090087890625,150.328125,-128.78802490234375,push,21,2025-11-18T12:12:22.743699,my_hand_data\videos\push_seq21_20251118_121218_848085.avi,89.55412122468752,360,90,HIGH,VIDEO_RECORDING,2025-11-18T12:12:22.935051
2025-11-18 12:12:22.759822,351,302,HandType.Right,0.7550524473190308,-250.98410034179688,173.0470428466797,-99.23737335205078,-0.01422842312604189,-0.9634928107261658,-0.26735591888427734,-63.519840240478516,15.855016708374023,-32.16926956176758,0.0,0.25167572498321533,40.64672088623047,1,1,1,1,1,-298.6901550292969,142.62777709960938,-88.8089370727539,-323.0914001464844,150.49595642089844,-129.34959411621094,push,21,2025-11-18T12:12:22.759822,my_hand_data\videos\push_seq21_20251118_121218_848085.avi,89.55412122468752,360,90,HIGH,VIDEO_RECORDING,2025-11-18T12:12:22.935051
2025-11-18 12:12:22.775699,352,302,HandType.Right,0.7546116709709167,-251.58926391601562,173.13047790527344,-99.5777587890625,-0.01413267944008112,-0.9636383652687073,-0.2668358385562897,-51.755062103271484,7.136126518249512,-29.11077880859375,0.0,0.2469957321882248,40.79090881347656,1,1,1,1,1,-299.3529052734375,142.62921142578125,-89.05543518066406,-323.8514099121094,150.59304809570312,-129.7129364013672,push,21,2025-11-18T12:12:22.775699,my_hand_data\videos\push_seq21_20251118_121218_848085.avi,89.55412122468752,360,90,HIGH,VIDEO_RECORDING,2025-11-18T12:12:22.935051
2025-11-18 12:12:22.777769,353,302,HandType.Right,0.7528753280639648,-252.13653564453125,173.2035675048828,-99.88749694824219,-0.013653983362019062,-0.9636035561561584,-0.2669863700866699,-49.298858642578125,6.583072185516357,-27.90158462524414,0.0,0.2440277636051178,40.90064239501953,1,1,1,1,1,-299.9200744628906,142.64654541015625,-89.32770538330078,-324.44207763671875,150.78341674804688,-130.05572509765625,push,21,2025-11-18T12:12:22.777769,my_hand_data\videos\push_seq21_20251118_121218_848085.avi,89.55412122468752,360,90,HIGH,VIDEO_RECORDING,2025-11-18T12:12:22.935051
2025-11-18 12:12:22.791743,354,302,HandType.Right,0.7513207197189331,-252.70086669921875,173.2587432861328,-100.18304443359375,-0.01269670482724905,-0.963493824005127,-0.2674292325973511,-52.83013153076172,5.165736675262451,-27.667543411254883,0.0,0.24036163091659546,40.9766731262207,1,1,1,1,1,-300.4975280761719,142.73358154296875,-89.6163101196289,-325.0367126464844,150.9869384765625,-130.46218872070312,push,21,2025-11-18T12:12:22.791743,my_hand_data\videos\push_seq21_20251118_121218_848085.avi,89.55412122468752,360,90,HIGH,VIDEO_RECORDING,2025-11-18T12:12:22.935051
2025-11-18 12:12:22.807551,355,302,HandType.Right,0.7511768937110901,-253.2550506591797,173.38121032714844,-100.52762603759766,-0.01220698282122612,-0.9635398387908936,-0.2672862112522125,-48.983009338378906,10.82381820678711,-30.456409454345703,0.0,0.23640790581703186,41.11763000488281,1,1,1,1,1,-301.03546142578125,142.7424774169922,-89.93163299560547,-325.6270751953125,151.13636779785156,-130.8810577392578,push,21,2025-11-18T12:12:22.807551,my_hand_data\videos\push_seq21_20251118_121218_848085.avi,89.55412122468752,360,90,HIGH,VIDEO_RECORDING,2025-11-18T12:12:22.935051
2025-11-18 12:12:22.814551,356,302,HandType.Right,0.751083493232727,-253.78321838378906,173.58392333984375,-100.90516662597656,-0.012003165669739246,-0.9635875225067139,-0.26712357997894287,-47.905948638916016,18.387149810791016,-34.243865966796875,0.0,0.22867220640182495,41.38145446777344,1,1,1,1,1,-301.48602294921875,142.7873992919922,-90.3140869140625,-326.2623291015625,151.5264892578125,-131.40359497070312,push,21,2025-11-18T12:12:22.814551,my_hand_data\videos\push_seq21_20251118_121218_848085.avi,89.55412122468752,360,90,HIGH,VIDEO_RECORDING,2025-11-18T12:12:22.935051
2025-11-18 12:12:22.839428,357,302,HandType.Right,0.7495769262313843,-254.92901611328125,173.9815673828125,-101.58966064453125,-0.01207832433283329,-0.9637183547019958,-0.26664769649505615,-56.137657165527344,18.32419776916504,-28.866519927978516,0.0,0.21383358538150787,41.82223129272461,1,1,1,1,1,-302.5467834472656,143.0068817138672,-91.08809661865234,-327.74566650390625,152.3610382080078,-132.40518188476562,push,21,2025-11-18T12:12:22.839428,my_hand_data\videos\push_seq21_20251118_121218_848085.avi,89.55412122468752,360,90,HIGH,VIDEO_RECORDING,2025-11-18T12:12:22.935051
2025-11-18 12:12:22.839428,358,302,HandType.Right,0.7495769262313843,-254.92901611328125,173.9815673828125,-101.58966064453125,-0.01207832433283329,-0.9637183547019958,-0.26664769649505615,-56.137657165527344,18.32419776916504,-28.866519927978516,0.0,0.21383358538150787,41.82223129272461,1,1,1,1,1,-302.5467834472656,143.0068817138672,-91.08809661865234,-327.74566650390625,152.3610382080078,-132.40518188476562,push,21,2025-11-18T12:12:22.839428,my_hand_data\videos\push_seq21_20251118_121218_848085.avi,89.55412122468752,360,90,HIGH,VIDEO_RECORDING,2025-11-18T12:12:22.935051
2025-11-18 12:12:22.839428,359,302,HandType.Right,0.7486101984977722,-255.55760192871094,174.2079315185547,-101.87303924560547,-0.012174609117209911,-0.9636489152908325,-0.2668943703174591,-55.82444381713867,20.103679656982422,-25.166797637939453,0.0,0.21107369661331177,41.93914031982422,1,1,1,1,1,-303.09912109375,143.12811279296875,-91.470458984375,-328.460205078125,152.752685546875,-132.74061584472656,push,21,2025-11-18T12:12:22.839428,my_hand_data\videos\push_seq21_20251118_121218_848085.avi,89.55412122468752,360,90,HIGH,VIDEO_RECORDING,2025-11-18T12:12:22.935051
2025-11-18 12:12:22.871538,360,302,HandType.Right,0.7466632127761841,-256.599609375,174.54461669921875,-102.53091430664062,-0.012988083995878696,-0.963653028011322,-0.26684102416038513,-45.311378479003906,13.10721492767334,-31.989458084106445,0.0,0.20893125236034393,42.092750549316406,1,1,1,1,1,-304.1295166015625,143.25172424316406,-92.13555145263672,-329.5109558105469,153.16500854492188,-133.40780639648438,push,21,2025-11-18T12:12:22.871538,my_hand_data\videos\push_seq21_20251118_121218_848085.avi,89.55412122468752,360,90,HIGH,VIDEO_RECORDING,2025-11-18T12:12:22.935051
